0b001b01 0b000b01 10000 100 3041 2000005644 1023315 1012623
0b001701 0b000801 10000 100 48337 2000005294 1033843 1016420
0b001701 0b000201 10000 100 28485 2000015407 1031731 1014755
0b001201 0b000e01 10000 100 75994 2000042593 1018984 1018736
0b001901 0b000201 10000 100 12050 2000051286 1013739 1013378
0b001c01 0b000801 10000 100 111761 2000039906 1031942 1021735
0b000c01 0b001701 10000 100 7386 2000033972 1038719 1012986
0b000e01 0b001a01 10000 100 21942 2000078964 1015959 1014204
0b000501 0b001101 10000 100 4880 2000091958 1012863 1012774
0b000201 0b001501 10000 100 23260 2000083703 1026861 1014317
0b001201 0b000c01 10000 100 54642 2000095174 1023551 1016947
0b001401 0b000b01 10000 100 34090 2000080979 1050112 1015226
0b001e01 0b000001 10000 100 5763 2000112528 1022676 1012849
0b001a01 0b000a01 10000 100 545715 2000083442 1068418 1058118
0b001301 0b000401 10000 100 47724 2000159709 1025991 1016367
0b001901 0b000e01 10000 100 16182 2000194506 1015592 1013724
0b000a01 0b001b01 10000 100 5793 2000181599 1034790 1012851
0b001801 0b000e01 10000 100 22985 2000217770 1020229 1014292
0b000101 0b001101 10000 100 21405 2000229328 1017692 1014161
0b001d01 0b000a01 10000 100 68684 2000248663 1018144 1018124
0b001f01 0b000901 10000 100 41969 2000264501 1025171 1015883
0b000001 0b001c01 10000 100 6800 2000234245 1057770 1012935
0b001b01 0b000601 10000 100 23889 2000242996 1072279 1014368
0b001901 0b000f01 10000 100 27779 2000308469 1017546 1014694
0b001e01 0b000b01 10000 100 55854 2000331386 1021538 1017048
0b000401 0b001601 10000 100 464555 2000163226 1195112 1051315
0b000e01 0b001c01 10000 100 450474 2000213145 1195690 1050134
0b000601 0b001301 10000 100 477806 2000235148 1174334 1052425
0b001a01 0b000901 10000 100 22525 2000389510 1020934 1014255
0b001301 0b000501 10000 100 28165 2000368772 1046974 1014729
0b001901 0b000901 10000 100 59053 2000485606 1026151 1017319
0b001f01 0b000f01 10000 100 132186 2000441631 1081560 1023450
0b000301 0b001101 10000 100 495659 2000360834 1176215 1053922
0b000101 0b001101 10001 100 512513 2000366234 1188220 1055335
0b000501 0b001901 10000 100 73042 2000481365 1080199 1018492
0b001501 0b000f01 10000 100 29109 2000532370 1037614 1014808
0b000901 0b001c01 10000 100 50887 2000546164 1024933 1016631
0b000301 0b001101 10001 100 536236 2000369162 1211568 1057325
0b000b01 0b001401 10000 100 6437 2000552821 1035162 1012906
0b001c01 0b000101 10000 100 34454 2000554889 1041868 1015255
0b001401 0b000101 10000 100 17199 2000579967 1032180 1013810
0b000401 0b001601 10001 100 1286334 2000216686 1402236 1120213
0b001901 0b000901 10001 100 18541 2000607972 1022775 1013921
0b000201 0b001e01 10000 100 54651 2000615306 1021943 1016948
0b000301 0b001d01 10000 100 35787 2000561325 1088790 1015366
0b000201 0b001501 10001 100 1693 2000638007 1012553 1012508
0b001601 0b000501 10000 100 34879 2000449881 1208780 1015289
0b000201 0b001701 10000 100 16854 2000651035 1014492 1013778
0b001201 0b000b01 10000 100 34418 2000463708 1214491 1015252
0b001001 0b000f01 10000 100 22260 2000541156 1165805 1014234
0b001801 0b000201 10000 100 53399 2000681957 1026314 1016844
0b000e01 0b001b01 10000 100 2324 2000652199 1057192 1012562
0b000801 0b001a01 10000 100 20126 2000696469 1015896 1014055
0b000401 0b001d01 10000 100 867968 2000559658 1166922 1085135
0b001301 0b000501 10001 100 49753 2000430334 1302307 1016537
0b001e01 0b000901 10000 100 28802 2000727884 1021802 1014780
0b000d01 0b001601 10000 100 25970 2000479009 1273372 1014542
0b000201 0b001d01 10000 100 24408 2000735859 1018454 1014413
0b001401 0b000901 10000 100 15794 2000722377 1041466 1013689
0b001c01 0b000601 10000 100 15599 2000752122 1049063 1013674
0b001701 0b000901 10000 100 74164 2000708361 1107521 1018586
0b001e01 0b000d01 10001 100 21598 2000747937 1083720 1014177
0b001d01 0b000b01 10000 100 22138 2000820711 1017196 1014224
0b001701 0b000501 10000 100 56356 2000802967 1056765 1017092
0b001501 0b000701 10000 100 4683027 2000352694 1573900 1404993
0b000101 0b001901 10000 100 20294 2000910457 1023886 1014069
0b000b01 0b001301 10001 100 16106 2000920460 1020254 1013718
0b001e01 0b000401 10000 100 67350 2000902158 1043512 1018014
0b001901 0b000f01 10001 100 3878 2000725784 1221998 1012690
0b001101 0b000801 10000 100 6144 2000813604 1138601 1012883
0b001c01 0b000901 10000 100 306656 2000892541 1060266 1038076
0b000201 0b001f01 10000 100 2409104 2000671522 1287342 1214347
0b001701 0b000e01 10000 100 53986 2000958611 1023316 1016891
0b000701 0b001201 10000 100 284560 2000881056 1116352 1036224
0b001b01 0b000c01 10000 100 892714 2000829450 1169896 1087211
0b000501 0b001b01 10000 100 51395 2000932439 1086008 1016676
0b000401 0b001501 10000 100 1210186 2000778411 1273736 1113830
0b000401 0b001f01 10001 100 26998 2000972720 1093994 1014628
0b000101 0b001601 10000 100 3373624 2000226429 1848342 1295211
0b000501 0b001801 10000 100 3576383 2000435362 1670272 1312211
0b000f01 0b001701 10000 100 22464 2000900257 1208700 1014250
0b000c01 0b001401 10001 100 39545 2001089792 1021999 1015682
0b000d01 0b001b01 10000 100 2093965 2000811752 1303987 1187923
0b000301 0b001f01 10000 100 553 2001107380 1016885 1012413
0b001a01 0b000701 10000 100 441522 2001014216 1115749 1049384
0b000301 0b001601 10000 100 64644 2000901196 1241683 1017786
0b001d01 0b000b01 10001 100 3530 2001131565 1012740 1012662
0b000e01 0b001101 10000 100 41020 2001076767 1077601 1015807
0b001501 0b000d01 10000 100 6625 2000975985 1186560 1012921
0b000701 0b001901 10000 100 758884 2000091504 2100208 1075990
0b001a01 0b000f01 10000 100 2837043 2000417510 1796841 1250226
0b000101 0b001901 10001 100 13895 2001173903 1047926 1013530
0b000701 0b001c01 10000 100 433501 2001142135 1082979 1048711
0b000e01 0b001101 10001 100 29401 2001178343 1047950 1014832
0b000701 0b001301 10000 100 311831 2000977113 1253995 1038509
0b001f01 0b000b01 10000 100 12081 2001222305 1016267 1013381
0b000601 0b001a01 10000 100 14511 2000987292 1276402 1013583
0b000f01 0b001a01 10000 100 3557 2001080554 1203850 1012664
0b000201 0b001f01 10001 100 27879 2001240215 1046927 1014702
0b000401 0b001301 10000 100 60879 2001047589 1242193 1017469
0b001301 0b000c01 10000 100 58390 2001071943 1226585 1017262
0b001301 0b000f01 10000 100 464567 2000989090 1311527 1051315
0b001d01 0b000901 10000 100 55445 2001285458 1017228 1017015
0b000501 0b001501 10000 100 32 2001303041 1012242 1012371
0b000f01 0b001501 10000 100 41154 2001177214 1139894 1015818
0b000601 0b001a01 10001 100 40919 2001292359 1041276 1015795
0b000001 0b001c01 10001 100 1083429 2000948124 1394749 1103201
0b001501 0b000e01 10000 100 4292 2001340807 1013732 1012727
0b000901 0b001d01 10000 100 77167 2001300799 1054118 1018837
0b000001 0b001f01 10000 100 1686231 2000930798 1429849 1153741
0b000401 0b001401 10000 100 771345 2001198279 1163768 1077037
0b001001 0b000c01 10000 100 22358 2000905341 1494737 1014241
0b000c01 0b001a01 10000 100 368272 2001130795 1269736 1043243
0b001301 0b000d01 10000 100 26723 2001401764 1043487 1014606
0b000501 0b001a01 10000 100 4439 2001318460 1132221 1012739
0b001f01 0b000001 10000 100 15039 2001396130 1057527 1013629
0b000601 0b001701 10001 100 8026 2001458213 1018648 1013041
0b001f01 0b000101 10000 100 2354 2001400466 1106722 1012564
0b001001 0b000301 10000 100 48381 2000959663 1554381 1016423
0b001b01 0b000601 10001 100 4164 2001272817 1247077 1012717
0b000601 0b001101 10000 100 2982 2001447472 1088353 1012615
0b000f01 0b001601 10000 100 152585 2001498917 1042409 1025159
0b000c01 0b001b01 10000 100 110597 2001513157 1039327 1021639
0b000301 0b001901 10000 100 22778 2001538524 1016214 1014275
0b001e01 0b000801 10001 100 1051586 2001169858 1389902 1100531
0b000d01 0b001601 10001 100 60763 2001474512 1097282 1017460
0b000401 0b001601 10002 100 175609 2001536101 1039712 1027089
0b000f01 0b001401 10000 100 44375 2001541188 1037500 1016087
0b001801 0b000d01 10000 100 26147 2001582308 1020524 1014560
0b000901 0b001101 10000 100 1601393 2001213182 1401820 1146628
0b000101 0b001001 10000 100 68055 2001558590 1064128 1018074
0b001e01 0b000101 10000 100 670587 2001530181 1098693 1068588
0b000601 0b001901 10000 100 2617307 2000889653 1745045 1231802
0b000001 0b001501 10000 100 21478 2001612417 1022692 1014167
0b001101 0b000a01 10000 100 1873652 2000280352 2357279 1169453
0b001101 0b000101 10000 100 34046 2000987509 1652388 1015223
0b001c01 0b000101 10001 100 23978 2001520891 1159589 1014375
0b000c01 0b001801 10000 100 1841 2001671502 1014318 1012519
0b000f01 0b001101 10000 100 63222 2001683910 1022531 1017668
0b001401 0b000f01 10000 100 62792 2001379308 1342392 1017630
0b000b01 0b001a01 10000 100 1825034 2001227350 1494689 1165379
0b000201 0b001601 10000 100 1623744 2000454250 2272050 1148500
0b001a01 0b000301 10000 100 21871 2001674066 1057452 1014199
0b001901 0b000a01 10000 100 79096 2001439540 1302474 1018999
0b001701 0b000901 10001 100 195923 2001713232 1031048 1028791
0b000601 0b001601 10000 100 74051 2001595809 1148667 1018577
0b000801 0b001601 10000 100 1244364 2001484054 1263522 1116694
0b001501 0b000801 10000 100 45270 2001709611 1053167 1016163
0b001501 0b000201 10000 100 1293345 2001468861 1300862 1120801
0b001301 0b000b01 10000 100 66462 2001719834 1052310 1017939
0b001a01 0b000401 10000 100 904 2001672543 1102723 1012441
0b001f01 0b000401 10000 100 1708115 2001534422 1251142 1155576
0b001d01 0b000b01 10002 100 48584 2001746393 1046042 1016439
0b000d01 0b001f01 10000 100 8848 2001614239 1183247 1013107
0b000b01 0b001301 10000 100 4351846 2000904067 1934099 1377224
0b000901 0b001801 10000 100 63823 2001719233 1124958 1017716
0b000701 0b001b01 10001 100 37090 2001732597 1112083 1015478
0b001301 0b000801 10000 100 5144474 2000113172 2735215 1443679
0b000901 0b001601 10001 100 19575 2001756375 1092958 1014007
0b000701 0b001201 10001 100 58679 2001825161 1025020 1017285
0b001001 0b000f01 10001 100 594079 2000637275 2214905 1062176
0b001801 0b000c01 10000 100 26220 2001847076 1019204 1014566
0b000301 0b001501 10000 100 3245134 2001332312 1564058 1284440
0b001901 0b000601 10000 100 4220545 2001034627 1866835 1366217
0b000901 0b001c01 10001 100 4127 2001849624 1080394 1012714
0b000501 0b001a01 10001 100 25151 2001914744 1015858 1014476
0b001601 0b000301 10000 100 2123 2001932003 1012871 1012546
0b001001 0b000001 10000 100 67894 2001786669 1165918 1018057
0b000e01 0b001101 10002 100 413492 2001340880 1611900 1047034
0b001101 0b000301 10000 100 41128 2001542834 1424637 1015816
0b000a01 0b001301 10000 100 3666916 2000905842 2096130 1319799
0b000f01 0b001a01 10001 100 44685 2001361735 1646171 1016112
0b001201 0b000201 10000 100 39621 2001914612 1093389 1015688
0b001001 0b000301 10002 100 22357 2001814682 1211391 1014241
0b001a01 0b000701 10001 100 1667984 2001641858 1414659 1152208
0b000301 0b001e01 10000 100 1494913 2001603548 1472767 1137698
0b001d01 0b000e01 10000 100 10336 2001402119 1680032 1013234
0b001101 0b000901 10000 100 310526 2001962416 1123309 1038401
0b001501 0b000901 10000 100 53592 2001977978 1109638 1016859
0b000201 0b001701 10001 100 37358 2002036556 1057111 1015499
0b000501 0b001201 10001 100 27002 2001557891 1554383 1014632
0b001f01 0b000501 10000 100 21246 2002109007 1017696 1014149
0b001e01 0b000801 10000 100 3606392 2000528799 2618079 1314727
0b000e01 0b001201 10000 100 2544 2001376709 1770351 1012580
0b001001 0b000d01 10000 100 25730 2002017148 1133658 1014523
0b001401 0b000801 10000 100 75989 2002102661 1049297 1018735
0b000a01 0b001101 10000 100 23853 2002061512 1093792 1014365
0b000501 0b001901 10001 100 7228 2002033726 1136023 1012973
0b000d01 0b001f01 10001 100 730558 2001713413 1460034 1073616
0b001501 0b000301 10001 100 9810 2002117736 1062774 1013188
0b000101 0b001301 10000 100 843348 2001994697 1188647 1083073
0b001f01 0b000c01 10000 100 29788 2001494228 1691460 1014863
0b000601 0b001501 10000 100 1362147 2001529722 1660949 1126570
0b001301 0b000501 10002 100 1731482 2001674720 1523586 1157534
0b000301 0b001001 10000 100 62104 2002066613 1134774 1017575
0b001301 0b000201 10000 100 100775 2002157727 1060215 1020814
0b000f01 0b001a01 10002 100 151859 2001872389 1352441 1025097
0b000101 0b001501 10000 100 105007 2002184407 1046306 1021172
0b000401 0b001301 10001 100 181217 2002096782 1150138 1027561
0b000b01 0b001f01 10000 100 57093 2001993629 1264406 1017155
0b001b01 0b000e01 10000 100 715 2001968150 1300910 1012426
0b001601 0b000601 10000 100 49138 2002238812 1033783 1016488
0b000f01 0b001001 10000 100 367270 2001690849 1584587 1043159
0b000401 0b001a01 10000 100 30003 2002094936 1181434 1014884
0b001001 0b000201 10000 100 9887 2002224301 1059812 1013194
0b000e01 0b001201 10001 100 74460 2001743847 1558830 1018609
0b001b01 0b000101 10000 100 6505 2002123515 1188172 1012912
0b000c01 0b001701 10001 100 41902 2001751564 1560176 1015878
0b001901 0b000301 10000 100 41804 2002230942 1087119 1015870
0b000901 0b001801 10001 100 547051 2002160970 1162264 1058233
0b000c01 0b001101 10000 100 781811 2001748453 1581911 1077912
0b001c01 0b000601 10001 100 46000 2002249416 1082007 1016221
0b000201 0b001a01 10000 100 34997 2002325844 1018068 1015299
0b000201 0b001401 10000 100 2080 2002287520 1064754 1012542
0b001501 0b000301 10000 100 924838 2001050048 2317065 1089904
0b001f01 0b000d01 10000 100 976830 2001994926 1373664 1094263
0b000601 0b001f01 10000 100 23641 2002320631 1058749 1014348
0b000a01 0b001201 10000 100 20225 2002317268 1063714 1014063
0b001401 0b000901 10001 100 1953596 2001731101 1651133 1176156
0b000701 0b001801 10000 100 57585 2002194938 1205166 1017194
0b001a01 0b000d01 10001 100 121752 2002165696 1238961 1022573
0b001c01 0b000e01 10000 100 15532 2002195889 1210244 1013669
0b000f01 0b001b01 10000 100 43919 2001877528 1535620 1016047
0b001901 0b000201 10001 100 39164 2002384543 1039029 1015651
0b000801 0b001001 10000 100 29525 2001760405 1675842 1014842
0b001501 0b000b01 10000 100 4962 2002396802 1046237 1012781
0b000e01 0b001001 10000 100 27343 2002000735 1445887 1014659
0b000a01 0b001401 10000 100 26820 2002410491 1039015 1014614
0b001401 0b000d01 10000 100 4937642 2001015123 2437137 1426338
0b001801 0b000a01 10000 100 27202 2002248742 1233060 1014648
0b001801 0b000f01 10000 100 1285 2002368564 1118148 1012475
0b001901 0b000001 10001 100 847705 2002086998 1420486 1083437
0b000b01 0b001c01 10000 100 44024 2002405351 1116005 1016059
0b001701 0b000e01 10001 100 472413 2001822744 1704539 1051974
0b001101 0b000301 10001 100 40159 2002486105 1043377 1015735
0b001801 0b000f01 10001 100 74893 2002401970 1135132 1018644
0b001601 0b000e01 10000 100 821241 2002407274 1142081 1081220
0b000b01 0b001301 10002 100 9861 2002384795 1181352 1013192
0b000601 0b001201 10000 100 56362 2001944402 1625096 1017092
0b001101 0b000f01 10000 100 73572 2001948070 1642479 1018534
0b001e01 0b000d01 10002 100 26058 2002317022 1283645 1014553
0b000301 0b001b01 10000 100 2713191 2001726838 1891072 1239842
0b001001 0b000301 10001 100 1865137 2001674807 1943792 1168741
0b001201 0b000a01 10000 100 2150353 2001714615 1905498 1192653
0b001901 0b000801 10001 100 60724 2002532996 1098063 1017457
0b001c01 0b000001 10000 100 4800231 2001699749 1937344 1414819
0b000e01 0b001201 10002 100 650396 2002231502 1412237 1066896
0b001601 0b000f01 10001 100 971345 2002271482 1389744 1093805
0b000c01 0b001401 10000 100 885218 2001081105 2595284 1086584
0b001301 0b000001 10000 100 90247 2002637522 1065530 1019934
0b001b01 0b000601 10002 100 313 2002633578 1088550 1012393
0b000001 0b001201 10000 100 3349382 2001366803 2360877 1293179
0b001901 0b000401 10000 100 1054325 2002146325 1614196 1100762
0b000e01 0b001e01 10000 100 632977 2002325540 1435768 1065433
0b001701 0b000601 10000 100 5429 2002619318 1145564 1012822
0b000001 0b001401 10000 100 3505018 2000391335 3373711 1306229
0b000001 0b001b01 10001 100 18710 2002145571 1619697 1013934
0b000a01 0b001b01 10001 100 2887626 2000647679 3119119 1254465
0b000b01 0b001c01 10001 100 13671 2002729652 1049670 1013512
0b001801 0b000001 10000 100 168794 2002545372 1241219 1026517
0b000e01 0b001c01 10002 100 120741 2002434481 1376899 1022488
0b000e01 0b001301 10000 100 33475 2002773406 1054049 1015173
0b000201 0b001801 10000 100 6399 2002745303 1104841 1012903
0b000101 0b001301 10001 100 32897 2002738694 1113893 1015123
0b001101 0b000301 10002 100 77925 2002803466 1054745 1018898
0b000001 0b001e01 10000 100 5758 2002751971 1127998 1012848
0b001a01 0b000501 10000 100 50668 2002869072 1026052 1016614
0b000a01 0b001f01 10000 100 12245 2002504298 1415342 1013394
0b001001 0b000601 10001 100 16471 2002730817 1201646 1013747
0b000301 0b001b01 10001 100 28374 2002899175 1042234 1014746
0b000201 0b001601 10001 100 2062 2002886129 1065089 1012541
0b000d01 0b001901 10000 100 132352 2002734954 1220211 1023463
0b000801 0b001e01 10000 100 2744359 2001347423 2617498 1242454
0b000601 0b001b01 10001 100 125514 2002835491 1140396 1022889
0b000a01 0b001101 10001 100 48019 2002947740 1028448 1016394
0b001301 0b000501 10003 100 634311 2002699789 1286763 1065548
0b000301 0b001001 10001 100 9316 2002904666 1103539 1013148
0b000201 0b001f01 10002 100 189649 2002985649 1060462 1028266
0b001201 0b000e01 10001 100 14341 2003018840 1027416 1013569
0b000501 0b001b01 10001 100 68975 2002092161 1955438 1018147
0b001a01 0b000c01 10000 100 22027 2002569747 1483605 1014215
0b000d01 0b001301 10000 100 5383875 2000999556 3064909 1463749
0b000501 0b001601 10001 100 260519 2002479815 1591584 1034208
0b000c01 0b001c01 10000 100 7140 2002893792 1183752 1012966
0b000701 0b001001 10001 100 72319 2002580822 1503239 1018430
0b001801 0b000301 10000 100 69200 2002980533 1112912 1018169
0b001801 0b000001 10001 100 43786 2003016689 1078786 1016036
0b000901 0b001901 10000 100 38328 2003070474 1040930 1015581
0b001301 0b000901 10001 100 1350794 2002664494 1447822 1125616
0b000f01 0b001401 10002 100 14344 2002949410 1165367 1013570
0b000f01 0b001d01 10000 100 20235 2002700364 1418398 1014064
0b000401 0b001d01 10001 100 32345 2002946938 1209161 1015079
0b001501 0b000e01 10002 100 2398 2002999846 1175059 1012568
0b000b01 0b001901 10000 100 2835731 2002502430 1704406 1250113
0b001301 0b000101 10000 100 532479 2002876463 1332672 1057010
0b000901 0b001601 10000 100 4382037 2000181111 4046973 1379758
0b001801 0b000201 10001 100 1826069 2002570357 1664772 1165466
0b001001 0b000201 10001 100 1662335 2002238374 1997707 1151737
0b000801 0b001901 10000 100 23567 2002788574 1454629 1014342
0b000701 0b001101 10000 100 8212 2002884460 1396555 1013056
0b000501 0b001601 10000 100 1779011 2000722768 3568965 1161521
0b000e01 0b001c01 10001 100 9350756 2001823723 2486638 1796333
0b001001 0b000d01 10001 100 1209796 2002687057 1639411 1113795
0b001601 0b000701 10001 100 10911 2002979020 1357625 1013280
0b001601 0b000701 10000 100 1692700 2002844871 1512944 1154282
0b001701 0b000101 10000 100 1677916 2002982389 1377019 1153041
0b001601 0b000301 10001 100 1794507 2002014914 2377446 1162818
0b000301 0b001801 10000 100 1276601 2003036344 1365257 1119396
0b000101 0b001201 10000 100 864466 2003052971 1367914 1084843
0b000b01 0b001101 10000 100 9815 2003065079 1362108 1013188
0b001201 0b000501 10000 100 1749890 2000541010 4003476 1159076
0b001801 0b000401 10000 100 1327385 2002010176 2536125 1123655
0b000601 0b001b01 10000 100 4814223 2000520025 4043538 1415992
0b000401 0b001b01 10000 100 80777 2003035087 1553115 1019138
0b001101 0b000d01 10000 100 2498109 2002882244 1742415 1221809
0b000701 0b001901 10001 100 1309578 2000816325 3834374 1122161
0b000801 0b001501 10000 100 1660797 2002954743 1779566 1151607
0b001a01 0b000601 10000 100 4635838 2001229058 3544600 1401034
0b001d01 0b000d01 10000 100 1132782 2002410611 2420194 1107338
0b001e01 0b000501 10000 100 1932392 2001819928 3073380 1174379
0b000c01 0b001d01 10000 100 1124170 2002318584 2576246 1106618
0b001201 0b000301 10000 100 3384503 2000722652 4241774 1296123
0b001201 0b000d01 10000 100 3789892 2000107643 4900854 1330109
0b000f01 0b001401 10003 100 3965358 2003035081 2109035 1344823
0b000901 0b001701 10000 100 1819477 2002635578 2561196 1164911
0b000401 0b001a01 10001 100 1074465 2003005908 2219907 1102450
0b001801 0b000801 10000 100 1882445 2002395395 2922111 1170191
0b000901 0b001b01 10000 100 4521418 2001405262 4040009 1391442
0b000201 0b001101 10000 100 2841699 2002222909 3413514 1250614
0b000601 0b001901 10001 100 4770948 2000895922 4742939 1412361
0b001d01 0b000f01 10000 100 4727658 2001827577 3922222 1408733
0b001e01 0b000d01 10000 100 5652208 2000482031 5324886 1486249
0b001a01 0b000d01 10000 100 9684219 2000251711 5655471 1824292
0b001e01 0b000e01 10000 100 4050635 2002234695 3812382 1351971
0b001601 0b000901 10000 100 3615758 2000843598 5215391 1315511
0b000a01 0b001001 10000 100 4332958 2001834908 4231168 1375640
0b001701 0b000d01 10000 100 3068141 2001146807 5174036 1269601
0b000001 0b001001 10001 100 4392187 2001820197 4656734 1380609
0b000501 0b001101 10001 100 3135186 2000765674 5786263 1275222
0b000701 0b001501 10000 100 7232914 2002022717 4542987 1618772
0b000801 0b001301 10000 100 3901377 2002464466 4187521 1339458
0b001801 0b000f01 10002 100 1726375 2002754023 3985831 1157106
0b001901 0b000001 10000 100 11745604 2001113355 5811528 1997117
0b000601 0b001801 10000 100 8762483 2000675837 6367241 1747013
0b000601 0b001701 10000 100 9211383 2001235010 5820028 1784649
0b000c01 0b001401 10002 100 3180802 2002879306 4204347 1279044
0b001701 0b000f01 10001 100 7355861 2002158859 5046548 1629080
0b000701 0b001b01 10000 100 3005646 2001066318 6358180 1264359
0b000501 0b001301 10000 100 4901332 2002133215 5630523 1423295
0b000301 0b001101 10002 100 3785172 2002292413 6288330 1329717
0b001d01 0b000101 10000 100 9986418 2002477572 6124207 1849628
0b001901 0b000a01 10001 100 4889871 2002057129 6754771 1422332
0b001701 0b000f01 10000 100 11367761 2000472938 8426718 1965439
0b001901 0b000701 10000 100 5690643 2003021315 6032854 1489469
0b001101 0b000801 10001 100 7179871 2001602624 7534844 1614325
0b001c01 0b000901 10001 100 4932767 2001948221 7463859 1425929
0b000401 0b001f01 10000 100 8404176 2000923862 8532539 1716974
0b001401 0b000d01 10001 100 6583460 2002215188 8169575 1564324
0b000f01 0b001401 10001 100 8489901 2002759086 7718407 1724158
0b001a01 0b000a01 10001 100 8482449 2003004243 7534199 1723535
0b001901 0b000801 10000 100 3554421 2002082394 8947145 1310369
0b001201 0b000d01 10001 100 2717064 2003052278 8375775 1240167
0b000001 0b001c01 10002 100 4920157 2003000618 9306642 1424874
0b001201 0b000801 10000 100 8836487 2002657919 9923834 1753218
0b001501 0b000e01 10001 100 14239986 2002971166 9632716 2206245
0b001001 0b000e01 10000 100 6858501 2000658778 12063436 1587383
0b001601 0b000f01 10000 100 8093954 2001465405 12237090 1690962
0b001301 0b000b01 10001 100 8835156 2002103811 11946483 1753107
0b000001 0b001801 10000 100 7986892 2002146295 11958068 1681986
0b000b01 0b001e01 10001 100 9724852 2002907895 11583666 1827697
0b001301 0b000e01 10000 100 8275972 2000918141 13583007 1706222
0b001101 0b000401 10000 100 13758578 2002938094 11864283 2165885
0b001301 0b000301 10000 100 9332115 2002358218 12590002 1794772
0b000501 0b001101 10002 100 7443162 2002969592 12238768 1636402
0b000101 0b001e01 10000 100 14233277 2003016409 12515014 2205685
0b000f01 0b001c01 10000 100 6884422 2002545855 13055443 1589557
0b001d01 0b000c01 10000 100 13385090 2002555949 13890582 2134574
0b000501 0b001201 10000 100 22589537 2000610089 15904558 2906273
0b001e01 0b000801 10002 100 14181940 2002388014 14340678 2201379
0b000b01 0b001e01 10000 100 8758738 2002683848 14168045 1746698
0b001301 0b000901 10000 100 12426724 2000694284 16303711 2054222
0b001f01 0b000601 10000 100 10937965 2002420642 15411690 1929404
0b000701 0b001001 10000 100 24551479 2002347936 15576587 3070763
0b000001 0b001001 10000 100 28298047 2000791378 18918325 3384876
0b001f01 0b000a01 10000 100 29398810 2001913018 18198654 3477161
0b000001 0b001b01 10000 100 29007634 2001924365 19318149 3444366
0b001201 0b000701 10000 100 14536054 2000118709 21519670 2231071
0b001901 0b000501 10000 100 28090787 2002810766 22412082 3367497
0b001001 0b000601 10000 100 27732050 2001595041 36429522 3337423
Average intra_dc ratio: 1.911638419425616
