2321 
31 17 3 100 1883178 2.000000184
6 12 3 100 3611599 2.000003075
23 8 3 100 48337 2.000005295
27 11 3 100 3041 2.000005645
17 22 3 100 745323 2.000010891
19 30 3 100 5590 2.000013841
23 2 3 100 28485 2.000015408
12 23 3 100 7386 2.000033973
28 8 3 100 111761 2.000039906
18 14 3 100 75994 2.000042594
25 2 3 100 12050 2.000051286
11 4 3 100 19997994 2.000053182
19 16 3 100 52383 2.000076082
14 26 3 100 21942 2.000078964
20 11 3 100 34090 2.000080980
26 10 3 100 545715 2.000083442
2 21 3 100 23260 2.000083703
19 25 3 100 454573 2.000084914
2 13 3 100 25320 2.000085513
21 16 3 100 2514186 2.000085781
14 7 3 100 8636 2.000086419
7 25 3 100 758884 2.000091505
5 17 3 100 4880 2.000091958
18 12 3 100 54642 2.000095174
4 12 3 100 63617 2.000104349
18 13 3 100 3789892 2.000107643
30 0 3 100 5763 2.000112529
19 8 3 100 5144474 2.000113173
18 7 3 100 14536054 2.000118709
1 5 3 100 43898 2.000119927
7 8 3 100 26665 2.000131354
18 30 3 100 39039 2.000138795
17 18 3 100 21036 2.000153873
9 0 3 100 3102708 2.000154788
19 4 3 100 47724 2.000159709
18 20 3 100 4223226 2.000159831
21 20 3 100 29210 2.000160997
4 22 3 100 464555 2.000163227
0 7 3 100 4833299 2.000175638
20 18 3 100 56660 2.000178638
9 22 3 100 4382037 2.000181112
10 27 3 100 5793 2.000181600
23 16 3 100 1147725 2.000187779
25 14 3 100 16182 2.000194506
14 11 3 100 27291338 2.000200610
31 25 3 100 47096 2.000201201
20 26 3 100 5667 2.000201386
14 28 3 100 450474 2.000213145
7 4 3 100 52608 2.000214760
4 22 3 100 1286334 2.000216687
24 14 3 100 22985 2.000217771
1 22 3 100 3373624 2.000226429
1 17 3 100 21405 2.000229328
0 28 3 100 6800 2.000234245
6 19 3 100 477806 2.000235149
26 24 3 100 9092 2.000236819
27 6 3 100 23889 2.000242997
8 5 3 100 17131 2.000245653
29 10 3 100 68684 2.000248664
26 13 3 100 9684219 2.000251712
25 17 3 100 1164595 2.000263926
31 9 3 100 41969 2.000264501
26 22 3 100 2689 2.000265038
17 10 3 100 1873652 2.000280353
21 17 3 100 4082383 2.000289960
12 7 3 100 74783 2.000295388
25 15 3 100 27779 2.000308470
29 16 3 100 186004 2.000322991
30 11 3 100 55854 2.000331386
21 7 3 100 4683027 2.000352694
18 19 3 100 6403 2.000353354
1 5 3 100 2496809 2.000353972
3 17 3 100 495659 2.000360835
1 17 3 100 512513 2.000366235
20 21 3 100 1842006 2.000366443
3 11 3 100 21705 2.000367618
19 5 3 100 28165 2.000368773
3 17 3 100 536236 2.000369162
21 28 3 100 34526 2.000372734
27 26 3 100 6067009 2.000377443
26 9 3 100 22525 2.000389510
0 20 3 100 3505018 2.000391336
2 0 3 100 125163 2.000393248
27 20 3 100 190702 2.000396537
11 1 3 100 968979 2.000397616
18 23 3 100 20770 2.000410265
26 15 3 100 2837043 2.000417510
17 28 3 100 5590 2.000420999
19 5 3 100 49753 2.000430335
29 22 3 100 73946 2.000433848
9 1 3 100 21296 2.000435252
5 24 3 100 3576383 2.000435362
0 1 3 100 32931 2.000438207
31 15 3 100 132186 2.000441632
5 6 3 100 71563 2.000445341
22 5 3 100 34879 2.000449881
2 22 3 100 1623744 2.000454250
4 2 3 100 51263 2.000460927
18 11 3 100 34418 2.000463709
13 0 3 100 165002 2.000468520
9 0 3 100 470 2.000469067
23 15 3 100 11367761 2.000472938
13 22 3 100 25970 2.000479009
5 25 3 100 73042 2.000481366
30 13 3 100 5652208 2.000482032
25 9 3 100 59053 2.000485607
24 20 3 100 75767 2.000487775
5 8 3 100 79655 2.000497660
8 14 3 100 2905 2.000507605
12 3 3 100 48558 2.000515546
6 27 3 100 4814223 2.000520026
21 19 3 100 102748 2.000525361
30 8 3 100 3606392 2.000528799
21 15 3 100 29109 2.000532371
18 29 3 100 4258277 2.000535922
18 5 3 100 1749890 2.000541010
16 15 3 100 22260 2.000541156
4 12 3 100 5251 2.000543458
4 2 3 100 1676 2.000545312
9 28 3 100 50887 2.000546165
11 20 3 100 6437 2.000552822
28 1 3 100 34454 2.000554889
4 29 3 100 867968 2.000559659
3 29 3 100 35787 2.000561325
20 1 3 100 17199 2.000579967
5 11 3 100 20688 2.000586235
25 20 3 100 4758 2.000587139
24 28 3 100 4550205 2.000595573
8 5 3 100 16477 2.000601697
3 14 3 100 695 2.000606781
10 9 3 100 3133 2.000607515
25 9 3 100 18541 2.000607972
1 3 3 100 33503 2.000609736
5 18 3 100 22589537 2.000610090
2 30 3 100 54651 2.000615307
26 28 3 100 878883 2.000623341
2 14 3 100 180741 2.000631612
3 10 3 100 1621 2.000636780
16 15 3 100 594079 2.000637276
2 21 3 100 1693 2.000638007
11 5 3 100 9023 2.000639456
10 27 3 100 2887626 2.000647679
7 14 3 100 183312 2.000648615
2 23 3 100 16854 2.000651035
14 27 3 100 2324 2.000652199
29 31 3 100 2003392 2.000656201
16 14 3 100 6858501 2.000658778
18 21 3 100 154404 2.000658802
27 25 3 100 27487 2.000665375
2 31 3 100 2409104 2.000671523
31 27 3 100 46245 2.000672223
12 5 3 100 59665 2.000672346
14 6 3 100 727178 2.000674388
6 24 3 100 8762483 2.000675837
24 25 3 100 831259 2.000679664
24 2 3 100 53399 2.000681958
11 6 3 100 20889 2.000682937
19 9 3 100 12426724 2.000694285
8 26 3 100 20126 2.000696469
9 14 3 100 4059629 2.000701294
30 16 3 100 7906863 2.000702182
25 28 3 100 3912626 2.000706051
27 22 3 100 7992124 2.000707080
23 9 3 100 74164 2.000708361
16 27 3 100 3809 2.000711452
3 12 3 100 25970081 2.000716260
28 17 3 100 9325170 2.000720577
20 9 3 100 15794 2.000722377
18 3 3 100 3384503 2.000722653
5 22 3 100 1779011 2.000722769
25 15 3 100 3878 2.000725784
30 9 3 100 28802 2.000727885
4 5 3 100 1857228 2.000728839
20 17 3 100 3012 2.000731258
14 3 3 100 47481 2.000732384
2 29 3 100 24408 2.000735859
11 12 3 100 39674 2.000741860
30 13 3 100 21598 2.000747938
28 6 3 100 15599 2.000752122
17 27 3 100 481983 2.000756089
5 17 3 100 3135186 2.000765675
4 21 3 100 1210186 2.000778412
13 4 3 100 443585 2.000783451
18 20 3 100 1500359 2.000790874
0 16 3 100 28298047 2.000791378
23 5 3 100 56356 2.000802968
13 27 3 100 2093965 2.000811752
24 29 3 100 1552 2.000812445
17 8 3 100 6144 2.000813605
7 25 3 100 1309578 2.000816325
29 11 3 100 22138 2.000820712
27 12 3 100 892714 2.000829451
22 9 3 100 3615758 2.000843599
19 25 3 100 9869 2.000872909
7 18 3 100 284560 2.000881057
23 29 3 100 5535200 2.000881128
7 12 3 100 562453 2.000881339
6 25 3 100 2617307 2.000889653
28 9 3 100 306656 2.000892542
6 25 3 100 4770948 2.000895922
15 23 3 100 22464 2.000900257
3 22 3 100 64644 2.000901196
30 4 3 100 67350 2.000902159
11 19 3 100 4351846 2.000904067
16 12 3 100 22358 2.000905342
10 19 3 100 3666916 2.000905843
1 25 3 100 20294 2.000910458
9 12 3 100 49642 2.000912054
21 26 3 100 1050210 2.000917996
19 14 3 100 8275972 2.000918141
11 19 3 100 16106 2.000920460
4 31 3 100 8404176 2.000923862
0 31 3 100 1686231 2.000930799
5 27 3 100 51395 2.000932439
0 28 3 100 1083429 2.000948124
19 22 3 100 7394 2.000953250
4 6 3 100 58097 2.000955450
23 14 3 100 53986 2.000958612
16 3 3 100 48381 2.000959664
21 26 3 100 6782 2.000963108
4 31 3 100 26998 2.000972720
21 13 3 100 6625 2.000975986
10 2 3 100 46989 2.000976802
7 19 3 100 311831 2.000977114
23 18 3 100 25943 2.000978572
11 10 3 100 3027572 2.000984547
23 17 3 100 15916 2.000985900
6 26 3 100 14511 2.000987292
17 1 3 100 34046 2.000987509
19 15 3 100 464567 2.000989090
13 19 3 100 5383875 2.000999556
5 3 3 100 20387 2.001000312
11 4 3 100 29262 2.001003865
26 7 3 100 441522 2.001014217
20 13 3 100 4937642 2.001015123
25 6 3 100 4220545 2.001034627
22 26 3 100 8935 2.001044806
4 19 3 100 60879 2.001047589
21 3 3 100 924838 2.001050048
20 31 3 100 492289 2.001050422
18 24 3 100 30102 2.001060185
7 27 3 100 3005646 2.001066319
10 4 3 100 33516 2.001067190
19 12 3 100 58390 2.001071944
14 13 3 100 3312240 2.001072430
14 17 3 100 41020 2.001076768
15 26 3 100 3557 2.001080554
12 20 3 100 885218 2.001081106
17 19 3 100 3013893 2.001085206
12 20 3 100 39545 2.001089793
26 28 3 100 117947 2.001093708
17 30 3 100 5101 2.001099164
3 31 3 100 553 2.001107380
25 0 3 100 11745604 2.001113356
0 15 3 100 13175 2.001127805
12 26 3 100 368272 2.001130796
29 11 3 100 3530 2.001131565
7 28 3 100 433501 2.001142136
23 13 3 100 3068141 2.001146807
11 2 3 100 20379 2.001167157
30 8 3 100 1051586 2.001169859
16 23 3 100 1619812 2.001171148
1 25 3 100 13895 2.001173903
15 21 3 100 41154 2.001177215
14 17 3 100 29401 2.001178344
8 4 3 100 47671 2.001180503
29 22 3 100 203403 2.001184340
24 30 3 100 6906731 2.001186891
1 9 3 100 8054 2.001190601
20 24 3 100 27564 2.001192567
4 20 3 100 771345 2.001198279
20 24 3 100 7414 2.001198473
9 17 3 100 1601393 2.001213183
5 7 3 100 452581 2.001220069
31 11 3 100 12081 2.001222306
19 25 3 100 5143 2.001223338
11 26 3 100 1825034 2.001227350
26 6 3 100 4635838 2.001229059
15 12 3 100 18103 2.001233967
6 23 3 100 9211383 2.001235011
20 31 3 100 3299375 2.001239719
2 31 3 100 27879 2.001240215
31 28 3 100 13970 2.001251816
0 6 3 100 9848009 2.001252580
25 29 3 100 4605787 2.001255862
2 3 3 100 1371534 2.001261893
22 20 3 100 1925 2.001270228
31 21 3 100 1584129 2.001272037
27 6 3 100 4164 2.001272818
27 29 3 100 988811 2.001279174
29 9 3 100 55445 2.001285459
9 6 3 100 4586828 2.001287676
20 29 3 100 7994 2.001287708
6 26 3 100 40919 2.001292360
9 29 3 100 77167 2.001300799
3 14 3 100 9940 2.001301972
5 21 3 100 32 2.001303042
5 26 3 100 4439 2.001318461
28 24 3 100 1123676 2.001327041
26 20 3 100 51894 2.001328036
3 21 3 100 3245134 2.001332313
21 14 3 100 4292 2.001340807
14 17 3 100 413492 2.001340881
8 30 3 100 2744359 2.001347424
16 18 3 100 4189077 2.001347561
23 26 3 100 2432221 2.001348239
3 10 3 100 74863 2.001349675
8 1 3 100 21220 2.001356237
15 26 3 100 44685 2.001361736
16 17 3 100 3712405 2.001362970
26 17 3 100 65548 2.001366149
0 18 3 100 3349382 2.001366804
22 20 3 100 6361 2.001368336
14 18 3 100 2544 2.001376709
20 15 3 100 62792 2.001379309
9 15 3 100 4092977 2.001382596
24 30 3 100 131362 2.001385888
21 22 3 100 15048 2.001389209
31 0 3 100 15039 2.001396131
6 5 3 100 1488989 2.001396913
31 1 3 100 2354 2.001400466
19 13 3 100 26723 2.001401764
29 14 3 100 10336 2.001402119
5 7 3 100 60007 2.001404463
9 27 3 100 4521418 2.001405262
18 24 3 100 1711070 2.001406358
21 29 3 100 30519 2.001407501
1 14 3 100 8673 2.001427261
17 26 3 100 810096 2.001432461
25 10 3 100 79096 2.001439541
6 17 3 100 2982 2.001447472
13 1 3 100 783 2.001454148
6 23 3 100 8026 2.001458214
22 15 3 100 8093954 2.001465406
26 23 3 100 14701017 2.001468384
21 2 3 100 1293345 2.001468861
13 22 3 100 60763 2.001474513
31 19 3 100 33155 2.001475662
8 22 3 100 1244364 2.001484054
26 25 3 100 552720 2.001489817
31 12 3 100 29788 2.001494229
24 20 3 100 36418 2.001496020
15 22 3 100 152585 2.001498917
16 19 3 100 10109164 2.001505457
19 24 3 100 45871 2.001510733
12 27 3 100 110597 2.001513157
28 1 3 100 23978 2.001520891
24 26 3 100 22187 2.001524991
6 21 3 100 1362147 2.001529723
30 1 3 100 670587 2.001530181
11 3 3 100 60346 2.001530673
19 30 3 100 71835 2.001530738
15 11 3 100 23534 2.001532857
31 4 3 100 1708115 2.001534423
19 21 3 100 7936300 2.001535555
4 22 3 100 175609 2.001536101
3 25 3 100 22778 2.001538525
15 20 3 100 44375 2.001541188
17 3 3 100 41128 2.001542835
24 28 3 100 2532758 2.001548654
1 12 3 100 5734805 2.001549193
12 1 3 100 389061 2.001551383
30 23 3 100 1452150 2.001556907
5 18 3 100 27002 2.001557891
1 16 3 100 68055 2.001558590
24 13 3 100 26147 2.001582309
11 15 3 100 26762 2.001584139
3 15 3 100 866958 2.001587187
16 6 3 100 27732050 2.001595042
6 22 3 100 74051 2.001595810
14 2 3 100 79218 2.001598834
17 8 3 100 7179871 2.001602625
3 30 3 100 1494913 2.001603549
21 26 3 100 213 2.001612140
0 21 3 100 21478 2.001612417
13 31 3 100 8848 2.001614240
17 22 3 100 93440 2.001618311
4 8 3 100 274 2.001620804
26 7 3 100 1667984 2.001641858
10 6 3 100 3529603 2.001650652
0 13 3 100 25057 2.001655512
2 1 3 100 58103 2.001667752
12 24 3 100 1841 2.001671502
13 11 3 100 7332 2.001672320
26 4 3 100 904 2.001672544
26 3 3 100 21871 2.001674066
19 5 3 100 1731482 2.001674720
16 3 3 100 1865137 2.001674807
10 2 3 100 523057 2.001679421
20 23 3 100 8782 2.001679654
15 17 3 100 63222 2.001683910
14 7 3 100 574024 2.001686048
30 24 3 100 1640405 2.001686709
6 13 3 100 7819588 2.001689766
15 16 3 100 367270 2.001690849
7 14 3 100 40695 2.001691533
1 14 3 100 4399 2.001697885
28 0 3 100 4800231 2.001699749
10 8 3 100 17383 2.001700487
9 12 3 100 54324 2.001700575
7 15 3 100 1526480 2.001700734
4 11 3 100 229707 2.001702592
25 31 3 100 874985 2.001703829
21 8 3 100 45270 2.001709612
23 9 3 100 195923 2.001713232
13 31 3 100 730558 2.001713413
18 10 3 100 2150353 2.001714615
9 24 3 100 63823 2.001719233
19 11 3 100 66462 2.001719834
3 27 3 100 2713191 2.001726838
21 31 3 100 4053 2.001728585
20 9 3 100 1953596 2.001731102
7 27 3 100 37090 2.001732597
14 18 3 100 74460 2.001743847
6 15 3 100 24856 2.001745783
29 11 3 100 48584 2.001746394
12 17 3 100 781811 2.001748454
24 17 3 100 6526 2.001751539
12 23 3 100 41902 2.001751564
9 22 3 100 19575 2.001756376
8 16 3 100 29525 2.001760406
17 22 3 100 69851 2.001762237
13 15 3 100 6721 2.001775340
25 18 3 100 45940 2.001779463
16 0 3 100 67894 2.001786670
20 26 3 100 38748 2.001789589
20 24 3 100 476486 2.001792858
12 14 3 100 30006 2.001796160
4 15 3 100 358893 2.001796841
16 3 3 100 22357 2.001814682
30 5 3 100 1932392 2.001819929
0 16 3 100 4392187 2.001820198
23 14 3 100 472413 2.001822744
14 28 3 100 9350756 2.001823724
7 18 3 100 58679 2.001825161
29 15 3 100 4727658 2.001827578
11 3 3 100 16072 2.001831918
12 8 3 100 417027 2.001834225
10 16 3 100 4332958 2.001834909
19 28 3 100 80916 2.001843332
24 12 3 100 26220 2.001847077
9 28 3 100 4127 2.001849624
28 25 3 100 8148 2.001854646
9 15 3 100 4479655 2.001858589
6 5 3 100 26237 2.001864177
15 26 3 100 151859 2.001872390
15 27 3 100 43919 2.001877528
7 4 3 100 9161954 2.001883792
13 1 3 100 5967 2.001888667
24 28 3 100 186553 2.001903865
8 14 3 100 2162126 2.001911427
31 10 3 100 29398810 2.001913019
18 2 3 100 39621 2.001914613
5 26 3 100 25151 2.001914744
16 31 3 100 1480105 2.001914868
6 12 3 100 75351 2.001919958
17 24 3 100 787 2.001920039
0 27 3 100 29007634 2.001924366
22 3 3 100 2123 2.001932004
6 18 3 100 56362 2.001944403
17 15 3 100 73572 2.001948070
28 9 3 100 4932767 2.001948221
28 21 3 100 70376 2.001949014
25 31 3 100 2838 2.001949187
22 29 3 100 37892 2.001954957
29 17 3 100 175871 2.001961742
14 7 3 100 21119 2.001962194
17 9 3 100 310526 2.001962416
9 8 3 100 3108 2.001964723
27 14 3 100 715 2.001968150
21 9 3 100 53592 2.001977979
30 24 3 100 7294228 2.001980852
15 6 3 100 6247 2.001985102
7 13 3 100 149974 2.001990293
28 16 3 100 67393 2.001991794
11 31 3 100 57093 2.001993629
1 19 3 100 843348 2.001994697
31 13 3 100 976830 2.001994926
14 16 3 100 27343 2.002000735
0 7 3 100 1477728 2.002007480
24 4 3 100 1327385 2.002010177
22 3 3 100 1794507 2.002014914
16 13 3 100 25730 2.002017148
27 16 3 100 19355 2.002019077
7 21 3 100 7232914 2.002022717
20 18 3 100 77790 2.002030326
5 25 3 100 7228 2.002033726
2 23 3 100 37358 2.002036556
8 9 3 100 638571 2.002052979
22 16 3 100 138717 2.002055679
25 10 3 100 4889871 2.002057130
22 19 3 100 28423 2.002059027
10 17 3 100 23853 2.002061512
3 16 3 100 62104 2.002066614
16 25 3 100 103772 2.002075203
15 9 3 100 9566 2.002075211
21 28 3 100 49631 2.002080882
25 8 3 100 3554421 2.002082395
25 0 3 100 847705 2.002086999
2 13 3 100 8329 2.002091664
5 27 3 100 68975 2.002092161
26 27 3 100 7130934 2.002092623
16 31 3 100 71097 2.002094277
5 3 3 100 3786 2.002094538
4 26 3 100 30003 2.002094936
27 30 3 100 4986982 2.002095733
11 12 3 100 4636372 2.002096667
4 19 3 100 181217 2.002096783
20 8 3 100 75989 2.002102662
19 11 3 100 8835156 2.002103811
1 2 3 100 42931 2.002106930
31 5 3 100 21246 2.002109007
24 30 3 100 3034737 2.002113218
13 1 3 100 341024 2.002115839
21 3 3 100 9810 2.002117736
27 1 3 100 6505 2.002123515
5 19 3 100 4901332 2.002133216
0 27 3 100 18710 2.002145572
0 24 3 100 7986892 2.002146296
25 4 3 100 1054325 2.002146325
19 2 3 100 100775 2.002157727
23 15 3 100 7355861 2.002158859
9 24 3 100 547051 2.002160971
26 13 3 100 121752 2.002165696
8 2 3 100 38747 2.002174536
23 20 3 100 8197533 2.002177153
5 7 3 100 8258 2.002181139
24 31 3 100 16859557 2.002181575
1 21 3 100 105007 2.002184407
7 24 3 100 57585 2.002194939
28 14 3 100 15532 2.002195890
16 18 3 100 969324 2.002213429
20 13 3 100 6583460 2.002215188
2 17 3 100 2841699 2.002222910
16 2 3 100 9887 2.002224301
0 8 3 100 2636 2.002228056
25 3 3 100 41804 2.002230942
14 18 3 100 650396 2.002231503
30 14 3 100 4050635 2.002234696
16 2 3 100 1662335 2.002238374
22 6 3 100 49138 2.002238813
19 29 3 100 26039 2.002242881
24 10 3 100 27202 2.002248743
28 6 3 100 46000 2.002249416
14 4 3 100 803707 2.002251624
22 15 3 100 971345 2.002271483
25 26 3 100 1879379 2.002274282
6 4 3 100 8063 2.002282250
16 24 3 100 3584849 2.002285836
2 20 3 100 2080 2.002287521
25 16 3 100 629 2.002288426
19 28 3 100 960659 2.002291532
17 26 3 100 57064 2.002292285
3 17 3 100 3785172 2.002292414
21 16 3 100 45162 2.002295894
31 17 3 100 4734884 2.002300836
0 2 3 100 7399 2.002306183
23 28 3 100 28972 2.002316025
30 13 3 100 26058 2.002317023
10 18 3 100 20225 2.002317268
12 29 3 100 1124170 2.002318584
6 31 3 100 23641 2.002320632
6 5 3 100 36923 2.002320844
14 30 3 100 632977 2.002325540
5 15 3 100 1436646 2.002325796
2 26 3 100 34997 2.002325844
31 28 3 100 7798 2.002344918
7 16 3 100 24551479 2.002347936
6 8 3 100 5278 2.002351683
19 3 3 100 9332115 2.002358219
25 31 3 100 5082 2.002367784
24 15 3 100 1285 2.002368564
0 15 3 100 143480 2.002368836
25 2 3 100 39164 2.002384544
11 19 3 100 9861 2.002384796
1 15 3 100 190334 2.002385811
30 8 3 100 14181940 2.002388014
24 8 3 100 1882445 2.002395395
21 11 3 100 4962 2.002396803
20 17 3 100 8477481 2.002398658
24 15 3 100 74893 2.002401971
11 28 3 100 44024 2.002405352
22 14 3 100 821241 2.002407275
5 9 3 100 7077971 2.002408412
10 20 3 100 26820 2.002410491
29 13 3 100 1132782 2.002410612
18 23 3 100 9200298 2.002412062
18 30 3 100 156401 2.002419291
31 6 3 100 10937965 2.002420642
6 3 3 100 32613 2.002421032
14 28 3 100 120741 2.002434482
11 10 3 100 21916 2.002434665
17 20 3 100 1421348 2.002438641
1 4 3 100 2066 2.002439366
29 27 3 100 4943 2.002439578
31 25 3 100 32599 2.002440495
22 18 3 100 6023 2.002444575
9 0 3 100 24548 2.002452010
27 16 3 100 28728 2.002463524
8 19 3 100 3901377 2.002464467
29 1 3 100 9986418 2.002477572
5 22 3 100 260519 2.002479815
31 27 3 100 8192325 2.002480568
17 3 3 100 40159 2.002486105
30 16 3 100 44357 2.002487773
18 16 3 100 3403654 2.002499801
11 25 3 100 2835731 2.002502431
10 31 3 100 12245 2.002504299
31 29 3 100 4635538 2.002512180
26 30 3 100 26435 2.002525260
24 16 3 100 126723 2.002525278
22 16 3 100 59513 2.002528846
24 16 3 100 4489349 2.002532292
25 8 3 100 60724 2.002532997
24 0 3 100 168794 2.002545372
15 28 3 100 6884422 2.002545856
28 29 3 100 38176 2.002551221
29 12 3 100 13385090 2.002555949
15 12 3 100 137262 2.002562666
26 12 3 100 22027 2.002569748
24 2 3 100 1826069 2.002570358
2 3 3 100 1162207 2.002570804
18 17 3 100 1393335 2.002571361
19 21 3 100 20499 2.002580172
7 16 3 100 72319 2.002580822
21 30 3 100 67920 2.002590202
6 8 3 100 1822621 2.002594120
19 29 3 100 1231290 2.002605689
21 20 3 100 1922321 2.002606118
23 6 3 100 5429 2.002619319
2 5 3 100 446088 2.002629899
27 6 3 100 313 2.002633578
9 23 3 100 1819477 2.002635578
19 0 3 100 90247 2.002637522
2 11 3 100 5047065 2.002647999
22 18 3 100 69880 2.002652095
12 0 3 100 32909 2.002657795
18 8 3 100 8836487 2.002657920
19 9 3 100 1350794 2.002664495
19 30 3 100 2096459 2.002678729
11 30 3 100 8758738 2.002683848
23 24 3 100 30876 2.002685044
16 13 3 100 1209796 2.002687058
26 19 3 100 7728 2.002688643
22 31 3 100 92968 2.002697399
19 5 3 100 634311 2.002699790
15 29 3 100 20235 2.002700365
5 2 3 100 173272 2.002709597
11 10 3 100 48192 2.002710700
12 8 3 100 68987 2.002710758
16 17 3 100 44272 2.002711911
10 7 3 100 2977172 2.002714087
10 0 3 100 448459 2.002717948
5 11 3 100 7713316 2.002724445
29 24 3 100 6345 2.002724476
2 3 3 100 16880 2.002726835
11 28 3 100 13671 2.002729653
16 6 3 100 16471 2.002730818
26 19 3 100 46794 2.002732626
13 25 3 100 132352 2.002734954
1 19 3 100 32897 2.002738694
13 5 3 100 1617207 2.002740053
2 24 3 100 6399 2.002745303
0 30 3 100 5758 2.002751972
25 30 3 100 17263 2.002752821
24 15 3 100 1726375 2.002754023
15 20 3 100 8489901 2.002759086
13 6 3 100 920850 2.002767851
14 19 3 100 33475 2.002773407
18 27 3 100 64312 2.002775089
5 1 3 100 947246 2.002778768
23 31 3 100 52554 2.002786134
27 22 3 100 9362799 2.002786756
8 25 3 100 23567 2.002788575
11 12 3 100 7532 2.002789485
17 3 3 100 77925 2.002803466
25 18 3 100 74667 2.002806825
25 5 3 100 28090787 2.002810766
6 27 3 100 125514 2.002835492
28 30 3 100 74354 2.002839571
31 19 3 100 20920 2.002842531
20 28 3 100 38295 2.002842905
11 3 3 100 1987178 2.002844171
22 7 3 100 1692700 2.002844872
17 27 3 100 93936 2.002845604
25 26 3 100 70992 2.002850810
17 21 3 100 3538930 2.002866753
26 5 3 100 50668 2.002869072
16 24 3 100 883895 2.002869639
19 1 3 100 532479 2.002876464
12 20 3 100 3180802 2.002879306
15 8 3 100 26377 2.002881967
17 13 3 100 2498109 2.002882245
7 17 3 100 8212 2.002884460
2 22 3 100 2062 2.002886129
29 22 3 100 626437 2.002891684
12 28 3 100 7140 2.002893792
3 27 3 100 28374 2.002899175
3 16 3 100 9316 2.002904666
11 30 3 100 9724852 2.002907896
29 19 3 100 26655 2.002909157
19 31 3 100 42594 2.002914476
8 9 3 100 7583760 2.002915615
11 12 3 100 185978 2.002918415
12 11 3 100 14714 2.002928478
17 4 3 100 13758578 2.002938094
4 29 3 100 32345 2.002946938
10 17 3 100 48019 2.002947740
15 20 3 100 14344 2.002949411
7 9 3 100 29830885 2.002951908
8 21 3 100 1660797 2.002954743
17 20 3 100 8981 2.002960613
5 17 3 100 7443162 2.002969593
21 14 3 100 14239986 2.002971166
22 7 3 100 10911 2.002979020
24 3 3 100 69200 2.002980533
23 1 3 100 1677916 2.002982389
2 31 3 100 189649 2.002985649
1 2 3 100 1934805 2.002987372
13 8 3 100 7103 2.002999620
21 14 3 100 2398 2.002999847
0 28 3 100 4920157 2.003000619
24 20 3 100 22608 2.003002440
26 10 3 100 8482449 2.003004244
4 26 3 100 1074465 2.003005908
27 18 3 100 32842 2.003015881
1 30 3 100 14233277 2.003016410
24 0 3 100 43786 2.003016690
30 17 3 100 24073 2.003018211
0 1 3 100 8118 2.003018669
18 14 3 100 14341 2.003018840
25 7 3 100 5690643 2.003021316
14 7 3 100 7528 2.003021319
30 22 3 100 9869523 2.003022072
11 12 3 100 1824041 2.003032550
15 20 3 100 3965358 2.003035082
4 27 3 100 80777 2.003035088
3 24 3 100 1276601 2.003036345
0 12 3 100 36753 2.003037309
28 31 3 100 60267 2.003046282
18 13 3 100 2717064 2.003052279
1 18 3 100 864466 2.003052972
1 12 3 100 49117 2.003062657
11 17 3 100 9815 2.003065080
9 25 3 100 38328 2.003070475
25 21 3 100 134265 2.003073037
12 0 3 100 4993 2.003073096
15 10 3 100 6617 2.003076712
0 2 3 100 23549 2.003079866
20 18 3 100 11636 2.003085980
6 15 3 100 43143 2.003090235
5 8 3 100 824446 2.003090605
2 4 3 100 49273 2.003091837
4 10 3 100 24037 2.003092667
28 17 3 100 29004 2.003098775
29 18 3 100 4071563 2.003101815
29 25 3 100 35793 2.003108300
2 8 3 100 9592 2.003110453
27 23 3 100 2947805 2.003111353
26 19 3 100 1242363 2.003118502
7 12 3 100 51972 2.003120001
11 10 3 100 25129 2.003133051
30 21 3 100 50099 2.003135154
26 29 3 100 9562407 2.003140219
14 8 3 100 4078566 2.003162120
3 12 3 100 21951 2.003164292
17 26 3 100 69550 2.003165708
9 8 3 100 5078890 2.003171121
7 11 3 100 42274 2.003171180
7 8 3 100 23111230 2.003174007
29 30 3 100 4233729 2.003175610
0 5 3 100 691 2.003176397
9 3 3 100 422 2.003180838
31 30 3 100 608774 2.003185731
17 28 3 100 41294 2.003192329
12 4 3 100 1786 2.003192717
1 13 3 100 8667 2.003192885
22 21 3 100 188983 2.003195416
15 12 3 100 426497 2.003196448
24 27 3 100 22458 2.003199513
21 26 3 100 1482017 2.003200011
12 10 3 100 45413 2.003200930
0 12 3 100 9863 2.003201898
3 9 3 100 17432 2.003202578
6 7 3 100 2137532 2.003203127
26 19 3 100 609949 2.003209228
15 6 3 100 8133245 2.003210468
20 22 3 100 28231 2.003210842
6 4 3 100 3742075 2.003213197
8 14 3 100 28121 2.003214358
8 3 3 100 67699 2.003214793
1 0 3 100 8315 2.003215125
29 30 3 100 1025072 2.003226814
13 0 3 100 22264 2.003231639
14 1 3 100 2355 2.003234064
0 4 3 100 47982 2.003251024
18 17 3 100 71971 2.003252449
20 22 3 100 1796343 2.003255688
11 12 3 100 71645 2.003257270
29 30 3 100 383631 2.003258733
18 21 3 100 22594 2.003260217
29 30 3 100 33466 2.003260608
6 4 3 100 67554 2.003265878
19 24 3 100 1799066 2.003272961
29 31 3 100 9561 2.003277988
9 10 3 100 21615 2.003279112
26 28 3 100 91743 2.003292507
24 31 3 100 988191 2.003297747
24 16 3 100 52095 2.003301389
21 19 3 100 19948470 2.003301693
29 21 3 100 412913 2.003302228
25 24 3 100 4671608 2.003306497
15 1 3 100 4415224 2.003315544
3 4 3 100 3445194 2.003322943
11 10 3 100 11002527 2.003324381
28 18 3 100 50354 2.003326345
18 26 3 100 32428 2.003332757
30 21 3 100 9097 2.003336500
6 3 3 100 19778 2.003338108
11 9 3 100 53419 2.003339162
14 12 3 100 2026244 2.003340775
31 22 3 100 7221 2.003351742
28 18 3 100 1527708 2.003354264
31 30 3 100 928993 2.003356342
20 30 3 100 83346 2.003359055
22 31 3 100 17044 2.003359880
29 30 3 100 2313 2.003361558
14 9 3 100 61562 2.003365108
24 25 3 100 4794 2.003369075
24 17 3 100 16089518 2.003371243
10 12 3 100 5720359 2.003376601
21 20 3 100 23748 2.003387101
21 28 3 100 2764576 2.003388226
4 8 3 100 2870185 2.003391774
8 13 3 100 1080328 2.003401726
0 11 3 100 11401 2.003412825
27 31 3 100 3662042 2.003417404
15 12 3 100 163753 2.003422313
19 30 3 100 63571 2.003434679
6 14 3 100 287128 2.003440800
14 4 3 100 9619446 2.003440857
1 11 3 100 62137 2.003443137
3 15 3 100 582406 2.003445882
11 1 3 100 18859 2.003448031
12 7 3 100 1633314 2.003457811
30 31 3 100 18847435 2.003465961
17 20 3 100 12462 2.003466731
29 31 3 100 4282607 2.003479216
20 28 3 100 189632 2.003479853
4 5 3 100 11606 2.003482269
25 29 3 100 713320 2.003483248
9 6 3 100 68414 2.003490506
4 13 3 100 3324 2.003491295
13 7 3 100 909924 2.003491903
29 25 3 100 2474 2.003493549
19 20 3 100 62592 2.003494938
5 7 3 100 1575474 2.003496370
18 27 3 100 46916 2.003496471
29 27 3 100 7797 2.003497173
3 7 3 100 10693899 2.003497814
13 8 3 100 4141992 2.003506067
21 18 3 100 1129829 2.003510054
16 19 3 100 223935 2.003517103
6 11 3 100 281533 2.003520769
25 20 3 100 3800 2.003525772
22 23 3 100 33994 2.003527415
21 25 3 100 21631 2.003529646
25 24 3 100 14158692 2.003535398
23 18 3 100 747962 2.003542139
16 19 3 100 71007 2.003543151
20 25 3 100 2345 2.003543399
21 23 3 100 4746035 2.003548657
20 28 3 100 41379 2.003553295
9 5 3 100 5616382 2.003553732
11 9 3 100 41337 2.003555581
13 3 3 100 9848634 2.003556792
0 1 3 100 73922 2.003559515
18 28 3 100 6819 2.003564808
25 29 3 100 1431399 2.003568516
19 30 3 100 61466 2.003572752
27 25 3 100 154852 2.003578428
9 7 3 100 25172 2.003598099
20 23 3 100 849387 2.003599967
4 6 3 100 38892 2.003601329
6 14 3 100 4595270 2.003604831
22 17 3 100 26041 2.003608309
20 27 3 100 65987 2.003609610
12 7 3 100 69089 2.003615824
21 18 3 100 15386 2.003617630
30 17 3 100 4207739 2.003636153
31 28 3 100 20155476 2.003643308
0 14 3 100 29305 2.003644723
10 15 3 100 164816 2.003644886
4 3 3 100 798157 2.003645881
1 11 3 100 4899305 2.003654411
15 3 3 100 68846 2.003658135
9 8 3 100 55010 2.003661635
18 21 3 100 6449696 2.003662057
26 28 3 100 21878 2.003662601
30 20 3 100 7575 2.003666115
29 28 3 100 8843 2.003671733
30 26 3 100 3410 2.003672030
27 23 3 100 724 2.003677154
16 24 3 100 22242761 2.003679416
30 23 3 100 6282 2.003680805
23 20 3 100 78906 2.003682391
5 9 3 100 6729 2.003688661
30 24 3 100 223 2.003692032
12 5 3 100 2391111 2.003697635
11 9 3 100 109267 2.003698766
6 9 3 100 5437151 2.003706025
20 27 3 100 81528 2.003706704
24 29 3 100 64886 2.003711805
16 17 3 100 1016846 2.003717981
0 13 3 100 51277 2.003720651
15 13 3 100 35538 2.003721485
30 29 3 100 2287366 2.003724124
20 29 3 100 73240 2.003726263
14 11 3 100 4654 2.003729086
18 16 3 100 9427970 2.003732591
21 31 3 100 2435148 2.003734780
17 26 3 100 157070 2.003737054
21 23 3 100 1655516 2.003739202
6 0 3 100 9460 2.003742723
20 29 3 100 34264 2.003745657
14 5 3 100 119419 2.003751011
27 18 3 100 26919 2.003752302
16 22 3 100 5530291 2.003756764
26 23 3 100 5073507 2.003762993
21 30 3 100 11232797 2.003769730
2 8 3 100 64731 2.003780784
7 0 3 100 7116647 2.003781276
17 28 3 100 8907 2.003781361
10 1 3 100 18749 2.003785803
2 10 3 100 1191375 2.003787781
20 19 3 100 12428 2.003791228
6 4 3 100 1844932 2.003791755
4 0 3 100 61252 2.003801185
17 20 3 100 6606 2.003805077
31 18 3 100 77775 2.003806120
7 2 3 100 575297 2.003807050
8 6 3 100 32509 2.003813238
8 6 3 100 2968 2.003816363
30 18 3 100 57492 2.003816378
20 21 3 100 70576 2.003817810
8 12 3 100 2881 2.003823093
4 5 3 100 10788 2.003826481
20 25 3 100 3380140 2.003831510
24 29 3 100 3908697 2.003840703
20 17 3 100 4515 2.003847676
31 27 3 100 157563 2.003849320
18 17 3 100 7051660 2.003856185
10 12 3 100 3367928 2.003856898
29 26 3 100 68989 2.003858487
3 8 3 100 4480432 2.003862220
3 13 3 100 328693 2.003862486
16 27 3 100 4442650 2.003865445
7 10 3 100 23953 2.003865941
13 6 3 100 17832 2.003873011
20 25 3 100 22441 2.003878436
10 7 3 100 73880 2.003878884
28 27 3 100 79604 2.003881392
13 12 3 100 27042 2.003885315
12 2 3 100 36924 2.003894362
25 27 3 100 24090 2.003898695
26 25 3 100 4911 2.003910843
28 25 3 100 1846809 2.003911380
1 9 3 100 25819 2.003929183
3 7 3 100 16437 2.003937407
24 29 3 100 20122 2.003944220
5 0 3 100 1522369 2.003944695
22 30 3 100 8735019 2.003948013
7 4 3 100 7811691 2.003948119
28 30 3 100 28469864 2.003949128
21 30 3 100 1034706 2.003951933
7 2 3 100 75841 2.003955183
3 2 3 100 5566416 2.003965128
30 21 3 100 30270 2.003966518
3 13 3 100 3492 2.003969502
30 28 3 100 57771 2.003973956
1 15 3 100 20530 2.003980231
2 3 3 100 69203 2.003986376
11 2 3 100 74449 2.003987348
22 26 3 100 1885133 2.003993303
2 12 3 100 6428378 2.003993616
4 6 3 100 35738 2.004000331
17 18 3 100 1377 2.004003582
20 24 3 100 5077068 2.004004337
27 19 3 100 27350 2.004006755
25 19 3 100 517910 2.004016704
28 17 3 100 4641 2.004017785
26 17 3 100 3634 2.004021065
13 6 3 100 62785 2.004022103
5 8 3 100 42900 2.004026455
12 9 3 100 858548 2.004026460
27 28 3 100 19016198 2.004029093
27 30 3 100 1947835 2.004029717
20 27 3 100 32269 2.004036467
0 12 3 100 1434491 2.004042391
29 31 3 100 2141907 2.004043677
14 4 3 100 1435592 2.004050888
10 12 3 100 63162 2.004051829
10 2 3 100 153857 2.004052373
3 13 3 100 3801332 2.004052499
31 21 3 100 3630439 2.004061412
4 7 3 100 1300932 2.004065270
1 3 3 100 656975 2.004065865
29 17 3 100 711 2.004067889
23 20 3 100 4944 2.004067909
21 17 3 100 13070 2.004082884
4 2 3 100 29246 2.004085474
5 15 3 100 53203 2.004087639
20 18 3 100 28270 2.004098392
23 17 3 100 9413 2.004098761
20 31 3 100 1621407 2.004104286
9 5 3 100 15922 2.004113495
23 17 3 100 63623 2.004113847
13 10 3 100 68306 2.004117677
2 5 3 100 26194 2.004120801
19 28 3 100 4088 2.004122682
9 0 3 100 4629136 2.004125579
3 11 3 100 91812 2.004131048
27 23 3 100 3359991 2.004137419
5 14 3 100 533535 2.004137683
11 4 3 100 1656 2.004148294
5 12 3 100 29495 2.004154763
15 12 3 100 73111 2.004160203
23 30 3 100 2963818 2.004167669
11 14 3 100 112128 2.004171938
11 0 3 100 7278 2.004178327
15 12 3 100 10081 2.004186070
20 22 3 100 3352964 2.004200931
24 26 3 100 3761 2.004202729
14 7 3 100 29086 2.004209837
24 18 3 100 271365 2.004215967
30 25 3 100 57370 2.004219636
14 8 3 100 59100 2.004224595
17 24 3 100 4869694 2.004229034
9 7 3 100 58137 2.004233660
0 2 3 100 3905195 2.004236021
18 16 3 100 5472 2.004244113
10 4 3 100 873 2.004248466
9 7 3 100 52790 2.004256106
21 20 3 100 6338531 2.004264988
18 26 3 100 9313 2.004265922
22 26 3 100 10568 2.004268840
25 24 3 100 5669871 2.004281673
6 3 3 100 23366 2.004283985
24 28 3 100 1534815 2.004300815
25 29 3 100 1599493 2.004301059
7 13 3 100 28385 2.004312777
29 28 3 100 16704 2.004315157
1 3 3 100 269013 2.004315806
18 17 3 100 26814 2.004322053
10 8 3 100 59688 2.004335436
4 0 3 100 36519 2.004341198
20 24 3 100 12595 2.004341315
9 15 3 100 4193596 2.004344791
29 23 3 100 58675 2.004345604
9 2 3 100 117284 2.004353379
18 29 3 100 59184 2.004353671
28 16 3 100 926212 2.004354241
1 12 3 100 406806 2.004355831
18 31 3 100 35089 2.004356306
20 26 3 100 51104 2.004357025
15 9 3 100 48387 2.004369168
4 3 3 100 48090 2.004374971
3 2 3 100 1493357 2.004389776
0 11 3 100 1788367 2.004392528
22 29 3 100 1192548 2.004394779
20 28 3 100 253 2.004394945
7 15 3 100 1168024 2.004398709
24 30 3 100 56364 2.004403437
31 26 3 100 49309 2.004403788
30 16 3 100 26704903 2.004405229
30 17 3 100 32530 2.004407316
18 24 3 100 24310 2.004407998
14 9 3 100 941077 2.004408789
10 13 3 100 909732 2.004410004
0 5 3 100 19619 2.004411861
8 14 3 100 61355 2.004427437
20 23 3 100 140962 2.004428532
30 18 3 100 4846581 2.004432728
5 14 3 100 1262714 2.004443112
12 5 3 100 57657 2.004444644
21 28 3 100 20282 2.004446325
28 20 3 100 5251 2.004450136
0 14 3 100 3174473 2.004450751
14 10 3 100 302 2.004458627
25 22 3 100 43146 2.004462128
23 31 3 100 1010 2.004465392
23 24 3 100 674010 2.004466042
27 29 3 100 72886 2.004472924
21 23 3 100 22514 2.004479952
28 30 3 100 29143 2.004489033
26 18 3 100 51066 2.004489263
7 0 3 100 1337737 2.004511272
14 6 3 100 1718013 2.004512690
8 6 3 100 607569 2.004520696
1 14 3 100 1399 2.004530515
8 13 3 100 1237528 2.004531255
15 6 3 100 80721 2.004532575
1 11 3 100 58039 2.004535277
0 15 3 100 268567 2.004539327
16 19 3 100 6768939 2.004540356
26 20 3 100 7573910 2.004542208
14 5 3 100 5001374 2.004543485
24 30 3 100 3648 2.004549094
3 1 3 100 57912 2.004555231
23 21 3 100 2833471 2.004558252
26 22 3 100 18452 2.004560224
12 8 3 100 63172 2.004564820
6 11 3 100 17000 2.004565882
25 28 3 100 1335884 2.004571859
31 20 3 100 8665417 2.004574302
16 22 3 100 14417 2.004575637
3 4 3 100 128868 2.004586040
23 27 3 100 8501204 2.004588741
1 3 3 100 6066 2.004590680
7 8 3 100 17440 2.004591457
9 15 3 100 1121321 2.004594454
26 19 3 100 1117249 2.004599706
31 26 3 100 24927 2.004612665
26 16 3 100 8499 2.004614233
6 1 3 100 168326 2.004626908
16 27 3 100 8583189 2.004627682
4 9 3 100 23398 2.004631737
4 13 3 100 1092922 2.004632188
28 20 3 100 16254 2.004635679
6 7 3 100 7558127 2.004638649
12 13 3 100 2511265 2.004646003
21 20 3 100 469325 2.004647613
24 19 3 100 4130 2.004652572
16 17 3 100 56333 2.004656412
29 26 3 100 158579 2.004664740
2 8 3 100 621545 2.004665346
13 7 3 100 4305 2.004672658
10 1 3 100 102440 2.004674380
27 25 3 100 49064 2.004684698
3 7 3 100 520708 2.004698865
29 17 3 100 27540 2.004703511
23 16 3 100 39706 2.004707211
19 17 3 100 544586 2.004724761
14 2 3 100 13964 2.004728119
18 23 3 100 1566902 2.004732849
11 10 3 100 38712 2.004733977
29 27 3 100 3678104 2.004736356
30 19 3 100 868985 2.004743510
6 4 3 100 1766 2.004745247
23 17 3 100 4624036 2.004747699
29 20 3 100 636874 2.004747974
4 10 3 100 719134 2.004749064
9 12 3 100 38909 2.004751170
14 5 3 100 78071 2.004753006
4 6 3 100 222818 2.004756553
29 27 3 100 8284316 2.004765252
29 26 3 100 1566437 2.004767182
6 1 3 100 1285750 2.004769617
27 30 3 100 4919738 2.004778480
28 24 3 100 68935 2.004796548
20 26 3 100 1837943 2.004800715
12 9 3 100 74435 2.004803925
27 30 3 100 35541 2.004807486
12 0 3 100 63414 2.004816780
1 5 3 100 6875298 2.004820535
3 4 3 100 2250130 2.004821324
7 2 3 100 1753136 2.004824750
27 18 3 100 90296 2.004827206
16 18 3 100 153133 2.004831507
0 8 3 100 271904 2.004832251
13 4 3 100 65158 2.004833945
22 27 3 100 4314007 2.004834199
10 13 3 100 723267 2.004834555
29 17 3 100 1025 2.004838044
5 0 3 100 67522 2.004840466
23 27 3 100 28814 2.004840887
23 24 3 100 1210721 2.004847713
30 17 3 100 6056439 2.004848204
7 0 3 100 792189 2.004848215
6 13 3 100 78006 2.004862330
9 4 3 100 4692379 2.004863183
11 10 3 100 1160845 2.004865934
7 5 3 100 44602 2.004869168
30 25 3 100 7223075 2.004873699
31 20 3 100 25892 2.004877340
28 27 3 100 917803 2.004877710
17 29 3 100 8173 2.004890714
26 20 3 100 51071 2.004893296
24 23 3 100 506227 2.004899802
14 1 3 100 41658 2.004907417
20 17 3 100 573069 2.004914906
19 22 3 100 2137296 2.004937944
28 27 3 100 29063 2.004941501
0 14 3 100 4172788 2.004970429
23 27 3 100 25812 2.004972283
3 2 3 100 74334 2.004974159
22 16 3 100 23777 2.004976528
8 14 3 100 545283 2.004980912
4 2 3 100 23134 2.004982808
22 20 3 100 30500 2.004993578
9 8 3 100 420984 2.004994820
6 9 3 100 1587752 2.004995911
8 5 3 100 3869762 2.005000556
18 27 3 100 9425823 2.005012652
27 28 3 100 64460 2.005012799
9 7 3 100 7327530 2.005015019
25 28 3 100 29186 2.005015935
9 13 3 100 4531713 2.005025748
26 31 3 100 625347 2.005026727
20 25 3 100 99348 2.005028758
26 20 3 100 1933946 2.005038433
14 6 3 100 22200 2.005042881
13 7 3 100 21828 2.005043236
23 22 3 100 3442520 2.005049717
21 28 3 100 24093 2.005053461
2 10 3 100 38906 2.005057019
19 23 3 100 50871 2.005058416
1 13 3 100 4033 2.005064535
9 6 3 100 5209 2.005069174
17 29 3 100 100691 2.005069753
13 6 3 100 1993920 2.005073122
27 25 3 100 2409624 2.005073858
10 2 3 100 65947 2.005077898
29 28 3 100 64416 2.005079334
15 0 3 100 561131 2.005080248
25 28 3 100 4522 2.005082646
14 6 3 100 45412 2.005093341
31 20 3 100 33464 2.005093359
4 12 3 100 410482 2.005095738
10 8 3 100 34954 2.005096655
9 11 3 100 23673 2.005097312
21 28 3 100 45658 2.005098021
5 3 3 100 1943527 2.005098777
16 30 3 100 1296298 2.005115965
9 12 3 100 74992 2.005120744
17 16 3 100 1108321 2.005122367
5 14 3 100 9255376 2.005128675
16 17 3 100 1438961 2.005128951
8 11 3 100 20576 2.005130192
25 26 3 100 69564 2.005132971
12 13 3 100 22915 2.005136365
11 12 3 100 47926 2.005140226
17 20 3 100 58921 2.005154948
22 25 3 100 862832 2.005165350
16 19 3 100 699533 2.005167205
4 10 3 100 20723 2.005168697
29 20 3 100 5645 2.005173927
29 17 3 100 1255433 2.005178678
29 27 3 100 1655585 2.005184626
11 3 3 100 28417 2.005189701
25 18 3 100 23177 2.005192774
5 8 3 100 3100147 2.005200187
20 23 3 100 680692 2.005201537
11 7 3 100 69301 2.005217234
14 15 3 100 837973 2.005219781
16 19 3 100 66579 2.005223997
0 8 3 100 9046 2.005224599
6 12 3 100 240215 2.005225557
8 4 3 100 51048 2.005232043
30 23 3 100 26450 2.005232831
20 16 3 100 66706 2.005232890
4 7 3 100 457058 2.005239697
31 26 3 100 68105 2.005251322
16 21 3 100 34818 2.005252957
16 29 3 100 6017 2.005255556
19 16 3 100 4421 2.005257776
11 15 3 100 98484 2.005259810
3 0 3 100 4599684 2.005280370
18 17 3 100 31607 2.005332222
31 25 3 100 8969499 2.005333208
10 12 3 100 41942 2.005334095
20 17 3 100 3909 2.005334778
5 7 3 100 7939440 2.005341681
22 31 3 100 21225 2.005344123
3 12 3 100 7419462 2.005349138
16 20 3 100 12246 2.005349153
22 19 3 100 8829 2.005349845
9 1 3 100 199039 2.005354194
24 20 3 100 5954 2.005359015
16 21 3 100 14471 2.005365819
15 2 3 100 4344831 2.005366275
31 25 3 100 11824 2.005369134
13 6 3 100 29525 2.005374435
8 9 3 100 49799 2.005385663
0 14 3 100 9332641 2.005389945
21 24 3 100 32561 2.005394908
28 23 3 100 682927 2.005400514
5 0 3 100 39208 2.005408262
17 19 3 100 3887895 2.005410752
30 21 3 100 1187794 2.005419535
3 11 3 100 953415 2.005421360
30 19 3 100 16191 2.005421629
30 16 3 100 39560 2.005423394
30 22 3 100 8322 2.005427197
17 18 3 100 9893 2.005427766
8 5 3 100 845674 2.005432398
12 10 3 100 6694459 2.005432660
16 31 3 100 49133 2.005432900
11 3 3 100 33390 2.005433867
16 21 3 100 3872447 2.005436385
1 4 3 100 4696448 2.005439789
0 11 3 100 75022 2.005443651
12 3 3 100 29634 2.005456268
1 9 3 100 3108 2.005457702
8 11 3 100 1371 2.005458228
9 0 3 100 21326 2.005458980
19 31 3 100 85744 2.005467166
0 15 3 100 13653 2.005469614
27 19 3 100 65930 2.005473893
12 13 3 100 52916 2.005475855
25 29 3 100 47642 2.005476298
12 14 3 100 13059 2.005481880
29 18 3 100 27171 2.005494083
17 22 3 100 1177823 2.005494126
11 2 3 100 3238364 2.005499631
11 9 3 100 904 2.005512527
30 23 3 100 2537469 2.005518061
2 6 3 100 925777 2.005520170
20 26 3 100 29686481 2.005536239
28 31 3 100 29196 2.005543454
14 2 3 100 24653795 2.005547775
2 15 3 100 10641 2.005554363
23 30 3 100 51476 2.005558268
10 0 3 100 20705179 2.005560725
9 6 3 100 671135 2.005561377
8 6 3 100 9014 2.005562530
9 11 3 100 43535 2.005563555
29 22 3 100 6918 2.005565774
13 2 3 100 4741 2.005565792
11 4 3 100 23361 2.005567885
11 2 3 100 70512 2.005570125
13 1 3 100 982038 2.005571226
25 31 3 100 78816 2.005582029
28 17 3 100 6386 2.005582587
5 11 3 100 185484 2.005584528
24 28 3 100 105460 2.005587527
28 24 3 100 922041 2.005602065
22 27 3 100 72417 2.005609909
25 21 3 100 29360 2.005621006
9 3 3 100 1255480 2.005630974
3 2 3 100 11810 2.005631028
31 18 3 100 2778 2.005631131
29 17 3 100 25202 2.005632810
14 12 3 100 1166 2.005632904
14 13 3 100 7778660 2.005634512
19 28 3 100 554038 2.005636875
16 22 3 100 153073 2.005641634
13 7 3 100 15338 2.005643286
3 2 3 100 68879 2.005660037
7 6 3 100 11234 2.005661715
23 21 3 100 178008 2.005663907
30 22 3 100 33979 2.005667434
21 29 3 100 622497 2.005673166
28 23 3 100 6764 2.005675725
24 21 3 100 74572 2.005676438
12 15 3 100 1193589 2.005677432
23 26 3 100 54007 2.005677476
18 28 3 100 1727893 2.005681098
13 3 3 100 546883 2.005683141
2 4 3 100 1872174 2.005687624
0 6 3 100 27356 2.005692067
6 3 3 100 1994593 2.005692087
28 20 3 100 3365 2.005696269
12 10 3 100 20441 2.005700573
24 29 3 100 985026 2.005715258
11 1 3 100 4094 2.005717885
13 8 3 100 537 2.005720096
8 11 3 100 18364 2.005722583
21 18 3 100 75625 2.005724376
30 23 3 100 479939 2.005729567
23 26 3 100 1647 2.005734040
20 31 3 100 5521735 2.005736700
28 21 3 100 2985937 2.005737379
24 31 3 100 691604 2.005741387
13 0 3 100 7631962 2.005743394
11 5 3 100 6713908 2.005744842
21 31 3 100 29693 2.005745432
27 23 3 100 1014626 2.005745569
0 7 3 100 21936 2.005746212
22 27 3 100 5223746 2.005747692
26 25 3 100 4487926 2.005754035
20 28 3 100 52949 2.005761557
9 8 3 100 57782 2.005762346
19 25 3 100 122123 2.005784654
27 22 3 100 7833 2.005785454
16 17 3 100 4131228 2.005785466
19 27 3 100 5795254 2.005789209
30 20 3 100 10020668 2.005791454
25 24 3 100 3062643 2.005796697
2 4 3 100 5378712 2.005796817
3 11 3 100 3624003 2.005798150
5 9 3 100 1491 2.005802837
11 1 3 100 19157 2.005803333
22 26 3 100 5453205 2.005805295
8 6 3 100 70276 2.005814809
15 6 3 100 39945 2.005815308
8 12 3 100 10092 2.005821029
0 3 3 100 10651 2.005825825
6 13 3 100 765607 2.005825861
19 23 3 100 3403438 2.005828623
21 20 3 100 6967 2.005828837
13 4 3 100 1497762 2.005829117
26 28 3 100 49972 2.005832774
27 24 3 100 58435 2.005839217
1 11 3 100 4883125 2.005843218
12 2 3 100 3876 2.005844501
9 6 3 100 1870199 2.005850711
4 11 3 100 49116 2.005870564
0 3 3 100 29903 2.005873654
5 8 3 100 843113 2.005886041
23 20 3 100 8570349 2.005888649
24 30 3 100 1089437 2.005893704
31 26 3 100 990675 2.005894418
13 14 3 100 3097549 2.005901734
3 12 3 100 6968 2.005907770
17 21 3 100 171621 2.005908293
3 15 3 100 679089 2.005908316
12 15 3 100 58317 2.005925384
3 12 3 100 347004 2.005931194
10 9 3 100 4816 2.005944341
6 3 3 100 4229821 2.005945705
10 6 3 100 6782214 2.005947015
17 21 3 100 95589 2.005948013
17 16 3 100 162423 2.005953039
23 21 3 100 898 2.005962545
24 29 3 100 52286 2.005964708
14 4 3 100 169116 2.005966998
8 15 3 100 712381 2.005978388
8 0 3 100 19822264 2.005980294
6 9 3 100 3662654 2.006001144
31 22 3 100 59316 2.006010811
13 3 3 100 59463 2.006017553
24 19 3 100 2130761 2.006019047
17 28 3 100 13137 2.006019461
4 6 3 100 8369880 2.006023390
13 3 3 100 492 2.006023752
11 2 3 100 1817466 2.006027363
13 2 3 100 46514 2.006028350
15 12 3 100 8856 2.006035546
6 14 3 100 29968 2.006037828
29 23 3 100 881776 2.006043095
18 30 3 100 4172163 2.006043109
26 21 3 100 139091 2.006043852
22 25 3 100 161357 2.006044028
1 14 3 100 3179182 2.006045441
8 10 3 100 58042 2.006046508
30 24 3 100 365325 2.006049589
28 18 3 100 7850 2.006055482
6 0 3 100 177409 2.006065735
7 3 3 100 3051 2.006067840
15 4 3 100 50651 2.006069396
27 28 3 100 23415947 2.006076174
27 28 3 100 8360 2.006078144
18 29 3 100 55365 2.006078388
11 2 3 100 4482 2.006085029
31 30 3 100 25301 2.006087383
21 17 3 100 1004561 2.006088154
16 29 3 100 5772 2.006097723
9 2 3 100 6018702 2.006099996
6 7 3 100 131665 2.006100116
18 23 3 100 5716 2.006104031
25 24 3 100 20359 2.006105570
0 3 3 100 15968 2.006105997
18 20 3 100 695520 2.006115981
29 28 3 100 6371078 2.006120991
20 19 3 100 2759895 2.006122814
22 30 3 100 1704506 2.006129372
13 4 3 100 19392 2.006135189
8 13 3 100 18348 2.006136933
4 2 3 100 9049470 2.006137434
12 9 3 100 15376388 2.006155611
29 25 3 100 70440 2.006161625
26 22 3 100 9930293 2.006166782
20 22 3 100 904083 2.006184202
25 26 3 100 23976081 2.006186215
15 0 3 100 17483 2.006188073
2 1 3 100 1137577 2.006191594
15 12 3 100 54146 2.006192732
23 20 3 100 6626213 2.006194763
14 7 3 100 1787321 2.006195752
15 11 3 100 17556367 2.006197226
2 0 3 100 51525 2.006199416
11 4 3 100 3878 2.006202801
23 21 3 100 17649 2.006202984
27 24 3 100 7949 2.006205167
7 13 3 100 67842 2.006206298
4 12 3 100 43076 2.006208405
5 10 3 100 97012 2.006208405
6 0 3 100 59057 2.006209858
29 22 3 100 84057 2.006219824
14 9 3 100 37520 2.006225752
9 14 3 100 64464 2.006227083
16 25 3 100 1877205 2.006237069
13 10 3 100 62216 2.006239840
25 19 3 100 14637 2.006240088
1 3 3 100 3943 2.006242133
22 30 3 100 543237 2.006242503
17 20 3 100 3216025 2.006247365
2 9 3 100 49501 2.006254660
14 10 3 100 4985223 2.006256089
22 25 3 100 4635867 2.006261443
26 30 3 100 75286 2.006262837
2 13 3 100 4822568 2.006272584
26 30 3 100 2381817 2.006284963
1 8 3 100 9760917 2.006299464
12 3 3 100 6331120 2.006300116
15 8 3 100 9035 2.006303371
5 8 3 100 22190016 2.006316559
3 9 3 100 770749 2.006320291
14 9 3 100 9826473 2.006323302
29 31 3 100 10407 2.006336586
11 15 3 100 838 2.006340672
29 25 3 100 8465 2.006342349
12 7 3 100 23617 2.006342623
1 2 3 100 244 2.006346964
1 13 3 100 52320 2.006354134
7 10 3 100 912845 2.006360193
19 26 3 100 3908508 2.006363223
2 14 3 100 3679 2.006369011
20 16 3 100 4904364 2.006371086
6 8 3 100 47335 2.006371321
24 18 3 100 433207 2.006372435
3 12 3 100 5281833 2.006373821
6 8 3 100 1441374 2.006373967
8 13 3 100 755750 2.006378692
17 23 3 100 10389 2.006379131
1 8 3 100 9366651 2.006380597
28 16 3 100 130034 2.006386107
31 22 3 100 82303 2.006386949
26 29 3 100 43697 2.006387333
24 31 3 100 35082 2.006395754
3 15 3 100 9860 2.006395813
20 27 3 100 45154 2.006397629
30 27 3 100 39611 2.006405203
5 0 3 100 240191 2.006406880
30 22 3 100 72657 2.006407660
22 23 3 100 69248 2.006423607
12 6 3 100 21399 2.006426190
21 20 3 100 639556 2.006430092
1 5 3 100 19241 2.006432321
12 1 3 100 60715 2.006432808
23 17 3 100 69265 2.006433877
24 16 3 100 15324 2.006436272
27 20 3 100 1623106 2.006439043
1 8 3 100 4479 2.006441371
1 5 3 100 377 2.006455330
2 12 3 100 7932626 2.006461957
19 23 3 100 30376 2.006462155
12 8 3 100 6347 2.006467561
31 29 3 100 319224 2.006468793
2 0 3 100 7505 2.006469574
24 28 3 100 1350211 2.006469975
29 28 3 100 38393 2.006471242
12 10 3 100 33204 2.006471728
16 29 3 100 627027 2.006471957
0 3 3 100 16796 2.006474840
9 8 3 100 5720 2.006475028
3 0 3 100 4467491 2.006478153
4 12 3 100 6359522 2.006478839
22 21 3 100 45786 2.006480209
29 18 3 100 37839 2.006481705
8 15 3 100 1586493 2.006498789
12 8 3 100 72007 2.006504978
4 6 3 100 6273236 2.006505313
7 8 3 100 2766 2.006509028
25 31 3 100 1165294 2.006512934
19 28 3 100 2062288 2.006530032
10 14 3 100 4565 2.006532320
18 19 3 100 49350 2.006534624
13 9 3 100 3013175 2.006538890
31 29 3 100 22956 2.006544724
27 25 3 100 156436 2.006548613
2 3 3 100 37630 2.006551081
13 12 3 100 4629226 2.006553289
16 29 3 100 979590 2.006561967
27 26 3 100 9304782 2.006564067
9 13 3 100 901771 2.006568573
6 4 3 100 4119586 2.006577282
15 13 3 100 44816 2.006583525
0 10 3 100 6520 2.006585141
16 26 3 100 490076 2.006585927
27 24 3 100 43106 2.006590053
0 3 3 100 1809643 2.006592493
25 19 3 100 43707 2.006595514
30 23 3 100 84672 2.006597158
21 27 3 100 60559 2.006600188
11 9 3 100 5941947 2.006607679
3 10 3 100 2128 2.006610404
0 6 3 100 16026 2.006614317
27 25 3 100 1832009 2.006617250
30 16 3 100 69206 2.006618698
7 1 3 100 12825 2.006619834
12 1 3 100 76311 2.006629099
16 30 3 100 9978754 2.006634097
18 30 3 100 8606 2.006640664
16 17 3 100 18357 2.006643584
15 13 3 100 4848 2.006644112
24 30 3 100 1202873 2.006644175
11 12 3 100 5592 2.006648833
10 13 3 100 1567 2.006649733
11 4 3 100 7107249 2.006652352
13 5 3 100 1695661 2.006655581
6 8 3 100 3849 2.006657179
11 4 3 100 49100 2.006667233
30 21 3 100 3304503 2.006671379
24 30 3 100 1198 2.006680872
7 11 3 100 2759702 2.006685384
23 22 3 100 4815 2.006686386
27 20 3 100 41255 2.006695940
2 9 3 100 66252 2.006707947
18 23 3 100 22146224 2.006710130
6 4 3 100 51550 2.006714689
20 25 3 100 3865 2.006717261
15 12 3 100 5039 2.006735735
31 24 3 100 14428 2.006740702
27 23 3 100 38590 2.006746218
21 17 3 100 9806964 2.006750699
31 23 3 100 187982 2.006766177
25 29 3 100 1788 2.006766676
0 9 3 100 688351 2.006770167
18 31 3 100 1513156 2.006770645
21 17 3 100 268795 2.006774830
0 2 3 100 71227 2.006781195
27 16 3 100 200307 2.006783008
26 17 3 100 25024236 2.006784249
14 0 3 100 54604 2.006786511
15 9 3 100 4913347 2.006786776
29 22 3 100 380184 2.006790120
18 30 3 100 75333 2.006794125
25 23 3 100 2082 2.006795106
7 3 3 100 35281 2.006798739
18 25 3 100 199034 2.006800262
7 12 3 100 167382 2.006821480
21 16 3 100 6530 2.006822607
19 24 3 100 26819 2.006828015
28 29 3 100 20439 2.006836565
5 11 3 100 4236972 2.006837561
19 20 3 100 1597340 2.006838677
9 12 3 100 22562 2.006847886
17 28 3 100 218363 2.006849743
17 21 3 100 74539 2.006853068
10 13 3 100 1794223 2.006858826
11 4 3 100 22602296 2.006873879
8 4 3 100 1987560 2.006874292
6 13 3 100 64611 2.006876014
0 1 3 100 11002 2.006890253
15 13 3 100 3109 2.006893559
17 26 3 100 129489 2.006898907
14 6 3 100 9290 2.006918826
16 19 3 100 186547 2.006924723
7 2 3 100 1544773 2.006941193
17 23 3 100 4235895 2.006949251
28 30 3 100 73477 2.006951160
0 9 3 100 9441312 2.006956634
26 29 3 100 4502 2.006975938
24 17 3 100 1175464 2.006992772
7 12 3 100 8151 2.006993099
18 26 3 100 42975 2.007000500
18 20 3 100 2994867 2.007009300
0 3 3 100 11518 2.007012237
13 5 3 100 3345 2.007012826
22 29 3 100 781652 2.007016635
19 23 3 100 1919977 2.007017344
28 25 3 100 1768864 2.007020738
8 2 3 100 592947 2.007026983
5 11 3 100 3668990 2.007027708
27 25 3 100 1481539 2.007027980
9 15 3 100 29807 2.007029104
28 17 3 100 1402649 2.007031811
6 3 3 100 12085 2.007033051
13 4 3 100 23528 2.007044417
25 27 3 100 28994 2.007047681
24 27 3 100 25333 2.007049432
29 21 3 100 23225 2.007055376
26 22 3 100 6804 2.007057249
3 15 3 100 138542 2.007057991
28 20 3 100 3864 2.007061656
1 2 3 100 53260 2.007065433
17 20 3 100 14265 2.007066416
17 21 3 100 8319237 2.007066907
4 7 3 100 1214385 2.007069556
13 2 3 100 1017837 2.007073010
21 30 3 100 4736713 2.007080258
22 17 3 100 9226514 2.007082270
17 20 3 100 26787 2.007092384
25 17 3 100 58173 2.007110466
19 28 3 100 2009 2.007113855
12 8 3 100 781 2.007119492
20 19 3 100 5904426 2.007123275
2 3 3 100 2880 2.007127496
2 14 3 100 3307 2.007127950
23 31 3 100 400 2.007133959
31 23 3 100 1243 2.007138240
14 5 3 100 21228 2.007138546
30 31 3 100 4134323 2.007138648
11 9 3 100 50106 2.007142582
31 16 3 100 43974 2.007145427
19 25 3 100 4679 2.007147681
9 13 3 100 1579627 2.007148754
26 29 3 100 191968 2.007152347
0 6 3 100 15427 2.007163636
27 21 3 100 1729 2.007165191
8 9 3 100 6104935 2.007169154
8 15 3 100 7459 2.007170928
11 1 3 100 34292 2.007178753
20 22 3 100 1898772 2.007194349
3 8 3 100 3867 2.007203118
16 31 3 100 2359824 2.007203709
13 6 3 100 20447 2.007204357
1 15 3 100 6902 2.007209300
24 16 3 100 50670 2.007209909
30 21 3 100 3442 2.007210158
31 30 3 100 1688658 2.007217094
27 22 3 100 3177361 2.007217519
30 16 3 100 36877 2.007219853
5 11 3 100 5835326 2.007222082
4 12 3 100 646040 2.007222533
14 0 3 100 53 2.007225095
27 16 3 100 1481356 2.007226304
7 5 3 100 63300 2.007239951
18 25 3 100 4149985 2.007254359
24 31 3 100 70270 2.007255992
3 11 3 100 71418 2.007274739
30 24 3 100 27846 2.007275036
26 29 3 100 23690 2.007275716
15 11 3 100 45176 2.007299823
25 27 3 100 72436 2.007300032
13 12 3 100 117 2.007304412
24 27 3 100 5731 2.007305325
10 13 3 100 1935096 2.007306732
27 29 3 100 5564427 2.007308243
10 1 3 100 1277526 2.007325806
14 9 3 100 300356 2.007334382
28 24 3 100 25775 2.007346894
30 26 3 100 59288 2.007347243
26 18 3 100 3468308 2.007349970
22 31 3 100 58982 2.007350406
20 29 3 100 52072 2.007354641
1 6 3 100 16307 2.007357893
7 11 3 100 6955 2.007360743
7 11 3 100 36163 2.007364510
12 3 3 100 8219 2.007379938
0 13 3 100 1380418 2.007386477
20 18 3 100 439343 2.007402018
13 15 3 100 2559899 2.007402158
5 7 3 100 24437 2.007410508
9 14 3 100 47905 2.007416071
13 11 3 100 2404 2.007417351
13 6 3 100 152681 2.007421848
11 8 3 100 21714 2.007424496
21 27 3 100 275339 2.007427834
31 18 3 100 101939 2.007431218
9 1 3 100 12331 2.007436132
27 18 3 100 10193 2.007437643
25 23 3 100 933752 2.007438285
14 1 3 100 989188 2.007439408
28 22 3 100 982203 2.007443246
13 7 3 100 5453034 2.007448321
7 2 3 100 134609 2.007448489
17 20 3 100 65979 2.007452478
29 21 3 100 976631 2.007460677
0 1 3 100 1460769 2.007464373
5 3 3 100 3676952 2.007467201
17 26 3 100 63975 2.007473822
13 10 3 100 62918 2.007476380
9 7 3 100 1442044 2.007481465
2 5 3 100 66808 2.007485141
7 15 3 100 721239 2.007487711
29 21 3 100 9044 2.007493130
19 22 3 100 4148804 2.007499736
9 1 3 100 1379663 2.007501644
6 9 3 100 115790 2.007506951
22 30 3 100 4327 2.007508516
8 10 3 100 207305 2.007511518
18 30 3 100 6897896 2.007511857
4 8 3 100 1634383 2.007516050
22 24 3 100 3044183 2.007519703
11 8 3 100 2450 2.007522274
31 25 3 100 68400 2.007527595
23 28 3 100 53334 2.007530201
15 3 3 100 1454938 2.007534005
18 16 3 100 174377 2.007537187
24 18 3 100 8445346 2.007547844
22 26 3 100 957522 2.007557761
31 20 3 100 12926 2.007560493
11 5 3 100 3151 2.007560907
15 1 3 100 25051715 2.007564446
12 11 3 100 578406 2.007567727
21 25 3 100 752196 2.007579508
7 2 3 100 446996 2.007580534
2 15 3 100 21966 2.007588782
25 28 3 100 69731 2.007588849
7 0 3 100 1826614 2.007592751
29 16 3 100 58457 2.007593338
6 4 3 100 42418 2.007601679
9 4 3 100 7231 2.007611078
23 29 3 100 3728143 2.007611907
1 4 3 100 68485 2.007612407
31 29 3 100 10789 2.007617406
28 25 3 100 1853 2.007624378
0 12 3 100 32277 2.007624564
19 24 3 100 25204 2.007629273
14 2 3 100 3658267 2.007640348
31 21 3 100 8999605 2.007641776
11 6 3 100 76860 2.007647325
6 10 3 100 17130 2.007648484
15 3 3 100 398531 2.007648824
9 8 3 100 723757 2.007650933
1 0 3 100 42489 2.007656631
8 3 3 100 368379 2.007656864
13 12 3 100 172739 2.007657374
31 17 3 100 18708 2.007661858
10 1 3 100 570527 2.007664199
8 3 3 100 1193903 2.007668932
4 0 3 100 371211 2.007670246
12 8 3 100 3460729 2.007670267
0 5 3 100 38566 2.007672463
16 23 3 100 23615 2.007675806
13 9 3 100 13608 2.007677635
5 3 3 100 1103769 2.007679239
0 12 3 100 201807 2.007681259
25 30 3 100 9610 2.007690137
18 22 3 100 10462 2.007690385
2 5 3 100 3040445 2.007693527
17 23 3 100 4037 2.007694959
11 10 3 100 1543388 2.007701115
2 15 3 100 2724052 2.007704611
4 14 3 100 1583740 2.007704779
8 2 3 100 1053294 2.007705008
26 25 3 100 835112 2.007708758
1 0 3 100 56166 2.007715326
10 7 3 100 6387590 2.007720420
25 21 3 100 23232 2.007722419
19 31 3 100 66775 2.007724890
7 1 3 100 474204 2.007725261
31 20 3 100 29312 2.007728996
3 11 3 100 8008467 2.007751270
28 20 3 100 4580869 2.007752211
13 12 3 100 3228513 2.007754541
18 31 3 100 60050 2.007759245
9 0 3 100 5180 2.007761885
0 12 3 100 8038 2.007773367
9 15 3 100 53486 2.007781788
1 8 3 100 7567180 2.007785959
7 4 3 100 1673339 2.007788642
29 24 3 100 108832 2.007789619
12 0 3 100 60687 2.007796199
15 2 3 100 1706 2.007806032
10 7 3 100 8537702 2.007809999
1 14 3 100 645234 2.007810710
22 31 3 100 40138 2.007811100
28 20 3 100 156901 2.007813149
2 12 3 100 17330368 2.007815552
21 27 3 100 7762 2.007817592
7 12 3 100 3288 2.007821354
16 30 3 100 3972798 2.007824645
21 27 3 100 3243226 2.007828771
11 10 3 100 433819 2.007830505
20 16 3 100 673482 2.007838891
17 22 3 100 155980 2.007855308
14 8 3 100 26578 2.007858925
21 29 3 100 1161343 2.007866323
4 3 3 100 110980 2.007874961
14 5 3 100 17094 2.007887034
17 30 3 100 24548 2.007890215
26 25 3 100 118802 2.007894427
17 18 3 100 69939 2.007897714
1 7 3 100 6161 2.007898287
21 24 3 100 58123 2.007904686
4 2 3 100 39767 2.007907067
20 26 3 100 8342343 2.007907281
10 14 3 100 27257 2.007908599
23 19 3 100 184511 2.007934629
9 11 3 100 42973 2.007939782
10 0 3 100 6508 2.007942063
3 9 3 100 3224 2.007946755
17 30 3 100 21368 2.007949374
2 11 3 100 26321 2.007951615
14 5 3 100 13570 2.007953880
17 23 3 100 3280899 2.007960120
5 0 3 100 11720 2.007965464
22 23 3 100 61179 2.007966280
3 14 3 100 21818 2.007971356
21 31 3 100 68372 2.007971498
25 28 3 100 907387 2.007973209
14 0 3 100 41965 2.007976847
18 20 3 100 64222 2.007978470
16 27 3 100 4541761 2.007981319
29 31 3 100 1273858 2.007987415
13 12 3 100 68453 2.007997670
11 0 3 100 16393019 2.007998759
18 29 3 100 4990109 2.008001331
19 29 3 100 1131109 2.008013450
19 20 3 100 4742 2.008013525
1 7 3 100 9790 2.008013847
5 4 3 100 8300936 2.008014955
11 14 3 100 5692 2.008023170
14 15 3 100 137148 2.008026782
0 14 3 100 44399 2.008030095
18 28 3 100 204578 2.008035432
21 27 3 100 40234 2.008041141
14 2 3 100 7493 2.008041668
22 20 3 100 37949 2.008042300
31 23 3 100 9578841 2.008043350
0 9 3 100 43271 2.008044006
31 26 3 100 1728572 2.008053721
29 28 3 100 13715 2.008054530
6 1 3 100 1809 2.008060663
26 27 3 100 1507249 2.008061780
12 2 3 100 72401 2.008065107
24 23 3 100 37617 2.008066925
7 14 3 100 6345914 2.008069830
14 1 3 100 4319568 2.008071722
4 8 3 100 56954 2.008074058
29 25 3 100 73813 2.008085749
12 15 3 100 468307 2.008087214
1 4 3 100 3724052 2.008087813
21 28 3 100 1586240 2.008090366
18 25 3 100 63628 2.008090899
26 22 3 100 6200439 2.008096051
26 16 3 100 674775 2.008106482
3 0 3 100 5464 2.008114687
7 3 3 100 14805 2.008115415
14 13 3 100 1393686 2.008116449
13 7 3 100 4922769 2.008120753
2 0 3 100 18628 2.008122452
21 28 3 100 22045 2.008125282
9 8 3 100 5453 2.008132015
6 0 3 100 5082 2.008142420
23 27 3 100 232468 2.008153930
29 30 3 100 169262 2.008155418
5 10 3 100 64231 2.008163262
17 24 3 100 3066643 2.008163933
0 12 3 100 5518534 2.008169855
26 16 3 100 1420055 2.008174064
25 28 3 100 6634 2.008180909
27 28 3 100 7117486 2.008180971
24 25 3 100 79256 2.008182035
30 16 3 100 849439 2.008188797
27 20 3 100 24651 2.008198416
15 9 3 100 23465 2.008204927
1 6 3 100 4514 2.008216857
4 6 3 100 6347 2.008218882
21 18 3 100 58966 2.008227699
2 15 3 100 9984 2.008228623
22 28 3 100 880521 2.008228673
23 30 3 100 1937047 2.008229087
0 11 3 100 1504644 2.008246088
14 13 3 100 9965 2.008248019
19 25 3 100 978583 2.008259303
5 3 3 100 5393 2.008265897
6 12 3 100 154660 2.008266608
10 6 3 100 6922 2.008267207
8 6 3 100 9948 2.008273793
15 1 3 100 5744 2.008275800
24 22 3 100 7968 2.008276921
30 21 3 100 53625 2.008280990
30 24 3 100 1245519 2.008281175
2 0 3 100 25593 2.008282576
20 22 3 100 58210 2.008282597
10 4 3 100 938002 2.008283686
1 0 3 100 3956804 2.008287129
21 25 3 100 3196444 2.008292355
3 10 3 100 5449164 2.008301769
9 13 3 100 1596 2.008302217
12 9 3 100 68419 2.008304334
7 1 3 100 480 2.008305755
8 0 3 100 195071 2.008305910
19 20 3 100 198005 2.008316336
5 15 3 100 7832 2.008319579
5 1 3 100 7372277 2.008330111
15 11 3 100 52920 2.008332507
28 17 3 100 9986602 2.008332825
12 4 3 100 2055293 2.008333359
15 6 3 100 944205 2.008336640
6 0 3 100 2209435 2.008351805
0 10 3 100 28784 2.008361703
16 21 3 100 4745356 2.008365143
23 28 3 100 64358 2.008366916
11 5 3 100 1164888 2.008382706
24 20 3 100 934 2.008384122
29 31 3 100 4076618 2.008386016
30 18 3 100 1414483 2.008394730
8 11 3 100 25819 2.008400165
14 9 3 100 3272142 2.008408349
11 4 3 100 29499 2.008408494
22 24 3 100 47188 2.008409492
27 24 3 100 23634 2.008424441
0 8 3 100 10120 2.008427683
21 23 3 100 59546 2.008435339
1 7 3 100 137593 2.008436248
3 11 3 100 71729 2.008442642
30 23 3 100 51208 2.008446242
22 25 3 100 75063 2.008447135
10 13 3 100 1398478 2.008447450
16 25 3 100 60624 2.008449107
19 23 3 100 49645 2.008449179
23 31 3 100 123179 2.008454533
24 30 3 100 68255 2.008469477
30 31 3 100 8888068 2.008472818
12 6 3 100 5504728 2.008476893
4 2 3 100 8922 2.008482405
13 10 3 100 59187 2.008488421
9 15 3 100 67552 2.008492415
16 22 3 100 40912 2.008492594
5 12 3 100 25452 2.008505214
8 1 3 100 1135326 2.008508173
26 21 3 100 4843 2.008508818
29 20 3 100 6044387 2.008521434
14 1 3 100 31094 2.008521642
28 31 3 100 8001 2.008526037
7 3 3 100 103643 2.008526244
6 7 3 100 6155 2.008526282
11 0 3 100 3341 2.008534613
13 2 3 100 34956 2.008534968
19 17 3 100 41486 2.008550027
14 5 3 100 77306 2.008550559
15 11 3 100 160065 2.008564906
25 18 3 100 3133 2.008568569
24 21 3 100 1680844 2.008570342
1 5 3 100 642793 2.008575914
19 23 3 100 21979 2.008580618
2 1 3 100 28716 2.008582926
25 26 3 100 616218 2.008583992
18 16 3 100 59708 2.008588236
14 0 3 100 1198466 2.008589814
4 1 3 100 1487772 2.008596027
26 18 3 100 720355 2.008599253
4 8 3 100 4377111 2.008601152
3 4 3 100 4037331 2.008601276
6 10 3 100 2145 2.008606435
1 3 3 100 69937 2.008615480
19 24 3 100 41353 2.008627526
7 4 3 100 2715 2.008628485
16 18 3 100 17718851 2.008629346
18 23 3 100 69051 2.008631365
2 12 3 100 2005 2.008634310
18 30 3 100 23540 2.008634517
3 1 3 100 1525950 2.008638546
26 21 3 100 35626 2.008643679
20 28 3 100 305494 2.008646282
13 15 3 100 2931507 2.008657052
11 7 3 100 26277 2.008666721
17 27 3 100 1748590 2.008671392
6 10 3 100 4884738 2.008676669
10 9 3 100 19364 2.008678419
8 3 3 100 130001 2.008681652
6 10 3 100 68350 2.008683569
8 4 3 100 8492 2.008689930
24 28 3 100 39731 2.008691928
12 14 3 100 955898 2.008693465
12 10 3 100 22414 2.008701339
11 8 3 100 19790 2.008702959
15 9 3 100 40019 2.008704570
2 1 3 100 21211 2.008705765
2 11 3 100 19244 2.008707039
14 6 3 100 4006681 2.008718145
18 27 3 100 5243 2.008723120
16 23 3 100 45896 2.008724223
0 2 3 100 9118 2.008729973
18 21 3 100 27408 2.008734070
30 29 3 100 66391 2.008735344
23 18 3 100 37935 2.008737458
8 11 3 100 1206095 2.008740338
24 27 3 100 70069 2.008746328
4 15 3 100 393911 2.008752026
28 25 3 100 3760410 2.008755207
30 29 3 100 1336688 2.008779353
23 26 3 100 45347 2.008783215
28 20 3 100 5118 2.008785697
20 16 3 100 122577 2.008787230
14 13 3 100 26959 2.008804955
11 6 3 100 25446 2.008808908
7 15 3 100 23286 2.008809706
12 2 3 100 8729 2.008814799
13 14 3 100 76250 2.008816786
6 11 3 100 31471 2.008824264
26 16 3 100 68567 2.008835548
27 24 3 100 1843347 2.008841123
28 17 3 100 17574 2.008841383
16 23 3 100 1791762 2.008853069
9 1 3 100 56150 2.008857117
9 15 3 100 65008 2.008860742
26 21 3 100 79358 2.008863353
24 22 3 100 8582670 2.008867543
3 6 3 100 64863 2.008867817
12 15 3 100 2942747 2.008868459
4 12 3 100 41340 2.008873741
10 9 3 100 68531 2.008874490
1 12 3 100 54814 2.008880534
23 22 3 100 5526089 2.008883923
1 3 3 100 4977988 2.008889831
5 0 3 100 397582 2.008899414
3 4 3 100 23469 2.008900667
5 9 3 100 12476 2.008905390
7 0 3 100 3904447 2.008907810
22 27 3 100 7015452 2.008909546
19 17 3 100 36786 2.008911808
31 30 3 100 6232 2.008914755
8 5 3 100 1480494 2.008934837
29 28 3 100 23747 2.008939330
18 23 3 100 38386 2.008943216
11 12 3 100 56742 2.008946264
21 29 3 100 181 2.008946804
18 20 3 100 66514 2.008953863
10 13 3 100 176330 2.008957469
5 4 3 100 6786589 2.008959532
13 12 3 100 2672711 2.008967623
12 8 3 100 72149 2.008974246
29 31 3 100 1273178 2.008988086
5 7 3 100 8751 2.008988185
14 1 3 100 1196454 2.008994419
7 9 3 100 24876 2.009006228
5 3 3 100 29642 2.009006599
4 12 3 100 684280 2.009009948
29 21 3 100 182760 2.009012431
2 6 3 100 55222 2.009014636
20 25 3 100 555696 2.009017152
15 1 3 100 430903 2.009017207
5 0 3 100 190264 2.009022325
4 6 3 100 1344907 2.009023532
23 31 3 100 7876027 2.009025698
16 29 3 100 8565 2.009037123
19 27 3 100 24936 2.009038214
18 20 3 100 5171081 2.009041290
22 24 3 100 1805 2.009042459
12 11 3 100 3522628 2.009043752
25 18 3 100 693578 2.009049975
31 18 3 100 724430 2.009053112
11 8 3 100 429988 2.009053382
10 3 3 100 15429 2.009055958
28 25 3 100 5260 2.009079021
20 23 3 100 647023 2.009080334
1 9 3 100 1297447 2.009080956
31 17 3 100 7541 2.009082482
15 12 3 100 1890959 2.009091423
21 16 3 100 22321 2.009095525
12 13 3 100 71764 2.009099770
18 25 3 100 61978 2.009101062
19 24 3 100 126836 2.009106987
23 25 3 100 3643100 2.009108106
17 18 3 100 47390 2.009118839
21 25 3 100 234578 2.009122455
13 15 3 100 58512 2.009123011
30 31 3 100 5826 2.009123933
4 6 3 100 9788193 2.009132353
11 6 3 100 3917926 2.009137095
12 8 3 100 6254647 2.009139419
7 6 3 100 17830 2.009143256
8 9 3 100 8578272 2.009144597
15 7 3 100 22478 2.009146752
21 31 3 100 71523 2.009154909
26 29 3 100 56466 2.009157900
26 29 3 100 8297962 2.009169009
3 11 3 100 382396 2.009172460
4 6 3 100 49217 2.009176258
7 2 3 100 2859205 2.009178890
10 2 3 100 1697718 2.009179124
30 27 3 100 7632669 2.009183397
31 22 3 100 78927 2.009192323
25 19 3 100 117292 2.009192345
12 3 3 100 185103 2.009195564
14 12 3 100 75748 2.009196204
20 22 3 100 5480 2.009197673
8 14 3 100 1026766 2.009212871
27 23 3 100 623419 2.009212998
18 21 3 100 26790 2.009214316
28 20 3 100 2082725 2.009214334
9 14 3 100 131073 2.009223715
24 31 3 100 2880777 2.009237081
29 28 3 100 72980 2.009238900
14 8 3 100 37638 2.009248239
0 8 3 100 1619012 2.009248240
15 3 3 100 1294500 2.009249913
28 27 3 100 1890116 2.009251664
4 9 3 100 872915 2.009265709
6 15 3 100 44114 2.009272329
29 25 3 100 1427595 2.009275666
26 19 3 100 59371 2.009279128
29 24 3 100 49270 2.009289540
7 11 3 100 8265 2.009297085
5 12 3 100 641 2.009299957
27 19 3 100 4896989 2.009308459
15 0 3 100 36781 2.009308780
23 22 3 100 1327848 2.009309279
21 29 3 100 20645 2.009310782
0 1 3 100 181557 2.009314467
24 21 3 100 64873 2.009331517
14 8 3 100 26674 2.009333573
15 6 3 100 9770833 2.009333585
16 25 3 100 6146 2.009344124
9 12 3 100 4873121 2.009348904
25 18 3 100 4668578 2.009348930
6 7 3 100 619328 2.009356636
12 10 3 100 64915 2.009364657
18 29 3 100 5688511 2.009365870
5 13 3 100 1057193 2.009368102
19 22 3 100 3692117 2.009368120
0 8 3 100 3162 2.009374283
3 10 3 100 20493 2.009375881
11 4 3 100 405162 2.009380056
2 11 3 100 5326392 2.009382273
24 21 3 100 1166845 2.009388874
19 20 3 100 95821 2.009396652
29 20 3 100 602569 2.009403473
24 19 3 100 1712099 2.009403734
17 25 3 100 46613 2.009407388
7 14 3 100 433740 2.009411314
4 12 3 100 9363587 2.009417101
30 21 3 100 30108 2.009418840
9 4 3 100 1244381 2.009421502
6 15 3 100 729056 2.009423809
10 7 3 100 3975 2.009429357
31 21 3 100 40327 2.009433135
16 24 3 100 7517 2.009440521
29 19 3 100 1986182 2.009441588
16 27 3 100 63083 2.009443237
30 16 3 100 22314 2.009459261
10 0 3 100 3074 2.009460718
21 22 3 100 15883241 2.009463328
7 0 3 100 16121 2.009465106
18 17 3 100 48616 2.009465293
12 10 3 100 5682617 2.009466837
22 17 3 100 296285 2.009467326
9 10 3 100 4615 2.009473910
19 22 3 100 8222916 2.009477547
3 11 3 100 9633591 2.009480342
0 13 3 100 18181 2.009481951
11 3 3 100 32825 2.009482385
12 1 3 100 526229 2.009486572
28 19 3 100 28354 2.009508374
17 30 3 100 67021 2.009514360
8 11 3 100 15497 2.009521615
15 13 3 100 114359 2.009529878
11 7 3 100 4487 2.009530244
22 29 3 100 64755 2.009533340
22 27 3 100 17172 2.009535335
3 5 3 100 8125913 2.009541776
6 12 3 100 181918 2.009542373
17 24 3 100 1796541 2.009552716
30 31 3 100 3518 2.009553286
16 31 3 100 2807982 2.009554063
7 13 3 100 33231 2.009555793
16 21 3 100 728481 2.009557261
2 6 3 100 27008 2.009563695
9 11 3 100 486382 2.009568277
0 11 3 100 136800 2.009568608
8 12 3 100 66043 2.009570229
29 18 3 100 53857 2.009572737
6 11 3 100 917649 2.009577676
20 31 3 100 9170205 2.009590470
22 16 3 100 3277 2.009592077
14 2 3 100 164782 2.009592842
11 14 3 100 18524 2.009597374
16 24 3 100 1526030 2.009601389
1 12 3 100 356986 2.009602753
11 15 3 100 3992261 2.009606411
31 17 3 100 3443687 2.009609670
13 9 3 100 1822284 2.009611771
29 16 3 100 60100 2.009615038
14 13 3 100 1048979 2.009622432
19 30 3 100 226039 2.009626703
23 29 3 100 26152 2.009631305
1 15 3 100 1437021 2.009633869
30 17 3 100 24765 2.009634086
20 22 3 100 4021 2.009640809
23 25 3 100 10479 2.009644785
15 11 3 100 21108 2.009645025
7 2 3 100 9210987 2.009647199
26 23 3 100 395128 2.009649286
26 24 3 100 26485 2.009660911
9 11 3 100 5870 2.009663360
17 23 3 100 13494 2.009669072
2 4 3 100 20496 2.009670450
28 18 3 100 19787 2.009677491
11 9 3 100 54601 2.009680416
17 25 3 100 62200 2.009680648
23 28 3 100 62673 2.009681497
21 30 3 100 4105 2.009686954
21 22 3 100 76032 2.009691029
10 1 3 100 13450 2.009694807
9 12 3 100 46701 2.009698022
26 28 3 100 4405305 2.009701241
20 28 3 100 30330 2.009703305
31 25 3 100 7161915 2.009704711
12 15 3 100 43916 2.009708794
0 6 3 100 51996 2.009728812
9 3 3 100 12120427 2.009729785
20 22 3 100 12503170 2.009730716
2 15 3 100 5860 2.009733941
25 26 3 100 6243 2.009736251
25 29 3 100 1192156 2.009738385
13 15 3 100 30758 2.009742913
30 28 3 100 77095 2.009746582
26 22 3 100 35325 2.009757817
31 22 3 100 69901 2.009766476
11 15 3 100 197468 2.009771186
28 16 3 100 137872 2.009781716
29 24 3 100 7976 2.009787000
8 1 3 100 818221 2.009791285
8 5 3 100 71806 2.009800601
21 26 3 100 1714400 2.009803600
20 26 3 100 24778 2.009807958
17 19 3 100 26151 2.009808790
29 25 3 100 1353230 2.009811552
11 5 3 100 7476 2.009820245
16 24 3 100 285007 2.009837227
29 24 3 100 3832456 2.009866011
30 20 3 100 8372158 2.009877389
7 1 3 100 29256 2.009891993
25 30 3 100 6009 2.009901897
3 5 3 100 30198 2.009909416
9 7 3 100 28796 2.009911330
7 10 3 100 4598166 2.009928206
11 6 3 100 46906 2.009936600
6 13 3 100 461111 2.009942766
9 13 3 100 3465305 2.009948635
12 1 3 100 1946956 2.009959587
2 5 3 100 116674 2.009964790
20 29 3 100 8614112 2.009966066
9 15 3 100 1476851 2.009978404
