2002422426 34 1 8 1
2002456733 34 1 8 0
2002462561 34 1 8 1
2002753936 34 1 8 0
2004171418 34 1 7 1
2004178358 34 1 7 0
2004181709 34 1 7 1
2004185724 34 1 7 0
2004332968 44 1 4 1
2004336902 44 1 4 0
2004342806 44 1 4 1
2004346737 44 1 4 0
2004352321 44 1 4 1
2004355987 44 1 4 0
2004361231 44 1 4 1
2004365486 44 1 4 0
2004371307 44 1 4 1
2004375661 44 1 4 0
2004381482 44 1 4 1
2004385838 44 1 4 0
2004390580 44 1 4 1
2004395885 44 1 4 0
2004400129 44 1 4 1
2004406049 44 1 4 0
2004410075 44 1 4 1
2004416533 44 1 4 0
2004419947 44 1 4 1
2004426155 44 1 4 0
2004429652 44 1 4 1
2004435686 44 1 4 0
2004439349 44 1 4 1
2004445581 44 1 4 0
2004450240 44 1 4 1
2004454472 44 1 4 0
2004458882 44 1 4 1
2004463185 44 1 4 0
2004467263 44 1 4 1
2004471712 44 1 4 0
2004475541 44 1 4 1
2004479824 44 1 4 0
2004483404 44 1 4 1
2004487177 44 1 4 0
2004491919 44 1 4 1
2004496898 44 1 4 0
2004501640 44 1 4 1
2004505449 44 1 4 0
2004510191 44 1 4 1
2004514826 44 1 4 0
2004519651 44 1 4 1
2004524136 44 1 4 0
2004528629 44 1 4 1
2004533130 44 1 4 0
2004538536 44 1 4 1
2004543373 44 1 4 0
2004548268 44 1 4 1
2004553039 44 1 4 0
2004557762 44 1 4 1
2004562517 44 1 4 0
2004567342 44 1 4 1
2004572015 44 1 4 0
2004577670 44 1 4 1
2004581932 44 1 4 0
2004588156 44 1 4 1
2004592164 44 1 4 0
2004597853 44 1 4 1
2004601802 44 1 4 0
2004607127 44 1 4 1
2004611299 44 1 4 0
2004616335 44 1 4 1
2004620505 44 1 4 0
2004626041 44 1 4 1
2004630515 44 1 4 0
2004637683 44 1 4 1
2004641112 44 1 4 0
2004648095 44 1 4 1
2004651316 44 1 4 0
2004658483 44 1 4 1
2004661835 44 1 4 0
2004668293 44 1 4 1
2004671165 44 1 4 0
2004722395 44 1 4 1
2004723107 44 1 4 0
2004723391 44 1 4 1
2004724900 44 1 4 0
2005192769 46 1 4 1
2005237662 46 1 4 0
2005241116 46 1 4 1
2005260062 46 1 4 0
2005269276 46 1 4 1
2005272497 46 1 4 0
2005284949 46 1 4 1
2005287838 46 1 4 0
2005301401 46 1 4 1
2005303863 46 1 4 0
2005319165 46 1 4 1
2005321619 46 1 4 0
2005336217 46 1 4 1
2005338675 46 1 4 0
2005354669 46 1 4 1
2005357297 46 1 4 0
2005417406 46 1 4 1
2005420291 46 1 4 0
2005430881 46 1 4 1
2005434367 46 1 4 0
2005442253 46 1 4 1
2005445217 46 1 4 0
2005451569 46 1 4 1
2005454529 46 1 4 0
2005465374 46 1 4 1
2005467073 46 1 4 0
