597 
5 30 3 100 1087726 2.000002578
20 53 3 100 25029 2.000008312
53 58 3 100 8103 2.000019204
42 60 3 100 9129 2.000040506
61 48 3 100 2703 2.000061425
15 55 3 100 44904 2.000064081
19 11 3 100 241977 2.000118798
3 34 3 100 52665 2.000141035
0 44 3 100 1922851 2.000167980
7 1 3 100 62874 2.000178713
46 11 3 100 148725 2.000189685
53 46 3 100 53467 2.000258736
19 14 3 100 66014 2.000263873
11 41 3 100 422165 2.000265879
6 24 3 100 4181918 2.000284196
5 11 3 100 789464 2.000289462
21 3 3 100 70157 2.000315559
44 41 3 100 38050 2.000322993
62 46 3 100 29384 2.000335209
48 47 3 100 46369 2.000361388
29 62 3 100 2636 2.000395769
37 50 3 100 33717 2.000404061
59 9 3 100 57926 2.000412363
1 52 3 100 12215000 2.000414138
55 59 3 100 4827750 2.000434789
60 62 3 100 921958 2.000435644
51 20 3 100 25941 2.000437254
25 61 3 100 32711 2.000477078
20 57 3 100 22611 2.000480267
45 3 3 100 75320 2.000481027
20 23 3 100 3710 2.000501412
25 63 3 100 194379 2.000553667
4 5 3 100 3314242 2.000555452
54 20 3 100 4585988 2.000556663
51 58 3 100 8612 2.000566319
6 42 3 100 5888138 2.000579882
63 6 3 100 112715 2.000613012
6 62 3 100 55574 2.000614192
28 46 3 100 9976866 2.000654445
51 45 3 100 1645287 2.000669047
61 23 3 100 3717 2.000682295
16 14 3 100 23487 2.000717233
15 52 3 100 62156 2.000729199
40 10 3 100 18520 2.000733831
46 26 3 100 1813392 2.000743071
27 52 3 100 19988 2.000745983
21 4 3 100 2507746 2.000768880
43 45 3 100 7972991 2.000776112
62 46 3 100 92608 2.000780611
26 40 3 100 26680 2.000807450
35 49 3 100 66542 2.000812317
8 23 3 100 644870 2.000817624
21 54 3 100 28514 2.000818275
53 2 3 100 49107 2.000819567
44 57 3 100 4216220 2.000845426
60 43 3 100 9745927 2.000885997
12 28 3 100 41522 2.000915610
13 42 3 100 681077 2.000929358
25 11 3 100 144307 2.000934366
7 32 3 100 596441 2.000940984
35 26 3 100 60165 2.000950269
20 3 3 100 64340 2.000952616
44 57 3 100 518186 2.000954395
58 29 3 100 5584443 2.000954416
44 35 3 100 20294 2.000992174
50 62 3 100 6160 2.000994896
10 2 3 100 32064 2.001002875
26 23 3 100 16099162 2.001009410
28 48 3 100 2991940 2.001011635
31 2 3 100 28417 2.001023369
8 33 3 100 5242 2.001035498
56 21 3 100 64711 2.001039048
43 42 3 100 34403 2.001052280
21 44 3 100 20891 2.001081200
6 57 3 100 128783 2.001140392
37 45 3 100 4162763 2.001154837
21 1 3 100 61498 2.001157446
4 49 3 100 150372 2.001215484
32 22 3 100 58617 2.001218153
37 40 3 100 33670 2.001301298
7 35 3 100 36822 2.001303175
40 31 3 100 328978 2.001304240
27 40 3 100 19309 2.001308546
5 41 3 100 3199023 2.001317116
32 8 3 100 1938074 2.001320684
53 3 3 100 126585 2.001407569
16 42 3 100 492282 2.001412669
39 44 3 100 11196 2.001417430
34 51 3 100 24440 2.001421889
29 11 3 100 55855 2.001475116
36 50 3 100 6218132 2.001477990
61 4 3 100 59416 2.001488901
14 55 3 100 38220 2.001489381
63 11 3 100 1740689 2.001507298
42 59 3 100 6207698 2.001509083
11 37 3 100 63387 2.001535964
58 4 3 100 73411 2.001541470
28 4 3 100 10699 2.001557230
53 9 3 100 183626 2.001570608
36 33 3 100 63373 2.001580920
63 11 3 100 776474 2.001583060
38 10 3 100 55708 2.001586053
2 6 3 100 41260 2.001606182
17 25 3 100 998808 2.001642814
48 47 3 100 538991 2.001650754
7 0 3 100 25494299 2.001658863
14 30 3 100 10787 2.001672627
16 22 3 100 205953 2.001703722
21 48 3 100 26797 2.001706427
13 52 3 100 1916 2.001713778
8 3 3 100 697242 2.001721033
37 5 3 100 4315590 2.001767341
27 45 3 100 64254 2.001769696
42 16 3 100 9377 2.001777845
19 28 3 100 21331 2.001801092
43 21 3 100 3364879 2.001810982
0 15 3 100 355 2.001824006
14 44 3 100 5263549 2.001858958
6 47 3 100 7780041 2.001864943
2 12 3 100 28132 2.001865865
63 16 3 100 1773028 2.001868986
47 19 3 100 12572 2.001888174
3 17 3 100 8284097 2.001894628
3 41 3 100 2277187 2.001898264
30 2 3 100 5989 2.001935276
54 5 3 100 20992 2.001937794
57 44 3 100 47905 2.001945122
58 31 3 100 69867 2.001954941
43 18 3 100 38355 2.001959179
54 20 3 100 49793 2.001964407
63 32 3 100 7315034 2.001970760
6 22 3 100 14644 2.001983369
41 43 3 100 180065 2.001989348
38 16 3 100 22621 2.001994102
48 42 3 100 58651 2.002005564
15 5 3 100 67093 2.002029260
15 39 3 100 4380519 2.002030592
15 4 3 100 26076 2.002039579
15 25 3 100 580527 2.002041137
55 13 3 100 59389 2.002058394
54 51 3 100 68202 2.002064401
4 51 3 100 54812 2.002066890
28 56 3 100 1370681 2.002078476
9 51 3 100 7956243 2.002081508
5 53 3 100 1176 2.002088519
31 40 3 100 13129 2.002097597
25 57 3 100 30148 2.002106231
8 40 3 100 56706 2.002109293
30 31 3 100 66187 2.002109648
36 46 3 100 5340957 2.002118432
25 56 3 100 512577 2.002165771
13 30 3 100 60112 2.002204162
56 61 3 100 74957 2.002213977
34 41 3 100 924121 2.002219587
31 20 3 100 3055 2.002246193
5 49 3 100 1336142 2.002250508
25 35 3 100 4279288 2.002267633
8 6 3 100 1029581 2.002278937
61 1 3 100 2218 2.002283353
23 37 3 100 9980 2.002296266
62 18 3 100 66637 2.002303283
29 12 3 100 110436 2.002348497
35 24 3 100 8624707 2.002351443
63 58 3 100 27256324 2.002352794
2 22 3 100 36977 2.002410696
60 43 3 100 898296 2.002429295
30 9 3 100 898977 2.002429587
36 17 3 100 74598 2.002448334
62 56 3 100 49758 2.002474235
27 20 3 100 7623 2.002498220
9 29 3 100 40959 2.002501015
16 27 3 100 174011 2.002537940
63 57 3 100 8067864 2.002581334
1 9 3 100 20559651 2.002581840
57 39 3 100 1536061 2.002587341
30 38 3 100 8667 2.002608366
58 13 3 100 13965 2.002608366
35 49 3 100 1197642 2.002639466
2 60 3 100 4950630 2.002667296
41 25 3 100 506975 2.002676446
62 48 3 100 267747 2.002678896
57 33 3 100 1614757 2.002687478
11 57 3 100 15264134 2.002694506
6 40 3 100 5995819 2.002700528
25 11 3 100 57791 2.002714137
10 37 3 100 30015 2.002747154
49 15 3 100 1709734 2.002751271
51 14 3 100 62201 2.002753005
20 9 3 100 6029 2.002755902
58 17 3 100 64709 2.002768536
9 58 3 100 9730802 2.002788357
35 59 3 100 41588 2.002804472
37 22 3 100 1224056 2.002811937
7 44 3 100 26358 2.002840439
28 58 3 100 9423834 2.002890603
35 47 3 100 21389 2.002918937
10 2 3 100 2864 2.002921294
44 52 3 100 51271 2.002949078
29 48 3 100 5330627 2.002961586
12 37 3 100 2640742 2.002969795
8 18 3 100 73970 2.002983335
11 23 3 100 6265705 2.002983618
34 3 3 100 52372 2.002984924
47 38 3 100 37849 2.002991139
33 58 3 100 21839 2.002992741
16 27 3 100 61081 2.003021338
20 1 3 100 5885954 2.003021732
13 36 3 100 46235 2.003077447
52 38 3 100 52894 2.003090749
39 55 3 100 6232 2.003105733
5 25 3 100 16115561 2.003105975
27 16 3 100 8748 2.003118022
10 43 3 100 465170 2.003120261
11 56 3 100 25203 2.003127497
34 27 3 100 2247 2.003155288
16 3 3 100 20180 2.003159271
29 15 3 100 3659441 2.003202020
24 16 3 100 1512358 2.003210170
7 42 3 100 54311 2.003225759
47 40 3 100 32371 2.003231304
30 14 3 100 818950 2.003232045
14 57 3 100 28866 2.003251722
47 44 3 100 6534 2.003325776
38 19 3 100 28240 2.003330936
20 15 3 100 17319507 2.003331063
52 42 3 100 1526369 2.003333483
23 20 3 100 57602 2.003336510
25 56 3 100 1366760 2.003339354
56 61 3 100 1957347 2.003342898
44 9 3 100 2802943 2.003349833
47 42 3 100 7720384 2.003350552
60 22 3 100 6199484 2.003357730
7 32 3 100 9777 2.003371046
17 38 3 100 11674 2.003378510
17 19 3 100 43299 2.003396078
60 62 3 100 132878 2.003408376
35 62 3 100 150739 2.003417873
2 36 3 100 6138992 2.003419512
57 45 3 100 7532384 2.003425014
53 39 3 100 3652891 2.003430339
17 5 3 100 1291 2.003437452
29 13 3 100 29467 2.003466025
7 26 3 100 3775 2.003511842
25 20 3 100 5892334 2.003528039
21 4 3 100 4864089 2.003542027
17 2 3 100 26411 2.003545608
2 3 3 100 34566 2.003577707
46 53 3 100 42099 2.003580112
58 46 3 100 62712 2.003586578
53 41 3 100 213000 2.003604531
50 45 3 100 1410555 2.003609469
34 60 3 100 5120 2.003638417
52 62 3 100 23991 2.003644908
40 38 3 100 8367 2.003666184
27 13 3 100 1155 2.003672763
45 35 3 100 35689 2.003673843
50 38 3 100 11018 2.003689910
39 37 3 100 16321 2.003691282
24 3 3 100 64722 2.003709498
32 49 3 100 2035 2.003718712
42 41 3 100 5695 2.003730438
9 5 3 100 20430 2.003731453
7 29 3 100 44021 2.003759198
54 57 3 100 47547 2.003761208
56 49 3 100 1125193 2.003771524
18 5 3 100 24571766 2.003778163
62 51 3 100 688786 2.003779855
11 5 3 100 5039 2.003831541
20 14 3 100 9195 2.003831606
18 5 3 100 2510331 2.003870079
62 39 3 100 59105 2.003881012
21 20 3 100 1160022 2.003888336
18 22 3 100 6467690 2.003893721
5 20 3 100 18618 2.003904739
6 21 3 100 1157191 2.003906420
18 6 3 100 28595 2.003920893
33 42 3 100 9918 2.003971088
23 1 3 100 26239 2.004014531
35 38 3 100 3228151 2.004029247
7 16 3 100 47768 2.004038097
50 44 3 100 2243265 2.004041991
7 13 3 100 12433 2.004058081
34 38 3 100 1729490 2.004062042
58 55 3 100 53169 2.004096331
17 4 3 100 60487 2.004134893
36 35 3 100 73027 2.004145877
36 39 3 100 9508444 2.004162901
48 62 3 100 195676 2.004196159
26 2 3 100 8136378 2.004205625
35 55 3 100 1966834 2.004206754
13 12 3 100 6856 2.004250464
57 53 3 100 1221552 2.004258409
61 43 3 100 8703 2.004262316
51 32 3 100 22256 2.004297903
32 38 3 100 20364 2.004300683
42 35 3 100 23423 2.004313410
41 53 3 100 66216 2.004321337
6 7 3 100 2572671 2.004341767
8 25 3 100 33483 2.004347647
16 7 3 100 43003 2.004369980
40 43 3 100 481635 2.004375703
31 12 3 100 61761 2.004382425
24 22 3 100 14073 2.004389622
46 58 3 100 1761415 2.004417436
37 47 3 100 46780 2.004427203
12 16 3 100 31427 2.004442710
45 44 3 100 78610 2.004454951
33 52 3 100 9733 2.004456469
35 53 3 100 60010 2.004478199
42 45 3 100 75742 2.004493815
3 7 3 100 67074 2.004496281
36 55 3 100 27593 2.004504818
32 43 3 100 588722 2.004529161
45 34 3 100 388159 2.004537218
15 6 3 100 11616073 2.004546951
32 38 3 100 1107822 2.004555205
52 54 3 100 5715940 2.004581463
16 25 3 100 606193 2.004587489
46 57 3 100 5931 2.004597559
21 6 3 100 315195 2.004648065
55 62 3 100 59765 2.004651962
41 62 3 100 55213 2.004662313
28 20 3 100 1999423 2.004667060
4 21 3 100 52126 2.004686494
37 39 3 100 77071 2.004688972
59 44 3 100 30507 2.004690641
49 57 3 100 2227 2.004696801
63 60 3 100 3227 2.004698001
11 17 3 100 25792 2.004698408
57 63 3 100 1433486 2.004700174
31 15 3 100 928897 2.004704228
61 32 3 100 4623427 2.004732142
34 43 3 100 74236 2.004757820
8 3 3 100 4713371 2.004779330
1 17 3 100 7948249 2.004829188
19 25 3 100 32185 2.004836367
6 25 3 100 40522 2.004858146
25 15 3 100 296347 2.004859248
7 29 3 100 1369036 2.004859669
4 31 3 100 2676 2.004878877
45 42 3 100 55825 2.004881552
19 15 3 100 42319 2.004887606
7 15 3 100 2084814 2.004890999
54 34 3 100 44530 2.004907369
36 60 3 100 50532 2.004921363
48 36 3 100 4825790 2.004923212
23 0 3 100 65300 2.004983152
49 56 3 100 3649716 2.004983928
25 16 3 100 41383 2.005006735
35 63 3 100 56267 2.005035022
57 43 3 100 66736 2.005050749
24 18 3 100 22479 2.005057692
22 27 3 100 76669 2.005080754
6 26 3 100 73209 2.005096153
59 53 3 100 29387 2.005116383
6 28 3 100 6809 2.005135956
1 28 3 100 20651 2.005158683
50 52 3 100 867615 2.005165814
51 36 3 100 90870 2.005169619
18 20 3 100 156651 2.005198927
7 11 3 100 73330 2.005204531
31 2 3 100 1431834 2.005218381
12 5 3 100 156415 2.005250103
42 60 3 100 2632483 2.005251376
37 48 3 100 31938 2.005252007
24 27 3 100 341661 2.005320858
29 10 3 100 976471 2.005323093
63 44 3 100 23761 2.005367900
28 11 3 100 46519 2.005389886
53 61 3 100 57384 2.005397277
62 53 3 100 47419 2.005407663
53 44 3 100 7826 2.005412940
1 12 3 100 15587 2.005468847
43 58 3 100 6766893 2.005493895
56 42 3 100 9981 2.005496383
55 41 3 100 2368476 2.005507936
31 19 3 100 6499 2.005520373
59 35 3 100 7911 2.005526168
17 16 3 100 13574 2.005537437
19 12 3 100 874368 2.005541459
22 24 3 100 219123 2.005541728
37 53 3 100 1800128 2.005551934
63 49 3 100 623990 2.005554970
31 9 3 100 8793 2.005560395
46 53 3 100 10523 2.005565137
11 8 3 100 22746 2.005571303
46 39 3 100 145 2.005589818
9 26 3 100 5275148 2.005593410
17 2 3 100 885204 2.005598366
20 0 3 100 44549 2.005612171
26 12 3 100 106529 2.005661112
15 11 3 100 51631 2.005662477
26 1 3 100 9551900 2.005704990
47 57 3 100 42805 2.005715306
10 11 3 100 14775 2.005720111
42 54 3 100 24966 2.005725869
5 2 3 100 14067890 2.005727153
53 63 3 100 5302 2.005735171
37 54 3 100 26997 2.005741836
12 13 3 100 12529 2.005761758
35 48 3 100 76773 2.005772474
46 61 3 100 3412063 2.005780767
8 1 3 100 4907336 2.005825511
24 7 3 100 3514 2.005833211
56 60 3 100 3404 2.005836999
34 44 3 100 934106 2.005862581
18 19 3 100 43526 2.005869533
26 30 3 100 3537 2.005874847
44 58 3 100 22848 2.005906991
6 2 3 100 55754 2.005921359
3 12 3 100 182911 2.005931094
20 12 3 100 3126887 2.005931916
22 25 3 100 6675222 2.005967607
37 63 3 100 798884 2.006001353
58 56 3 100 9860397 2.006017484
47 34 3 100 47813 2.006073190
10 23 3 100 4345 2.006096588
28 12 3 100 6692 2.006104282
24 5 3 100 12313 2.006113893
33 60 3 100 3864138 2.006129424
31 9 3 100 56457 2.006154874
1 22 3 100 20754 2.006168803
59 52 3 100 2153378 2.006170596
63 48 3 100 2727 2.006207752
60 35 3 100 49521 2.006280899
1 26 3 100 49604 2.006309899
59 49 3 100 43896 2.006313153
4 13 3 100 48736 2.006337032
62 37 3 100 672472 2.006341206
54 37 3 100 8975364 2.006342099
6 2 3 100 6858478 2.006355847
55 41 3 100 947235 2.006371764
11 8 3 100 25388 2.006375731
31 4 3 100 186582 2.006392481
53 39 3 100 76891 2.006395238
48 36 3 100 67759 2.006405345
41 49 3 100 368972 2.006442149
4 21 3 100 6333 2.006493727
36 50 3 100 39371 2.006503578
29 2 3 100 5961508 2.006514259
19 4 3 100 79406 2.006517602
44 41 3 100 394744 2.006562159
44 32 3 100 62444 2.006609965
29 24 3 100 70906 2.006627813
24 29 3 100 2914249 2.006632889
31 22 3 100 194861 2.006638440
62 61 3 100 494585 2.006642246
57 51 3 100 4288 2.006644413
0 24 3 100 2085 2.006645597
24 7 3 100 4758905 2.006698268
41 40 3 100 3928966 2.006704697
22 27 3 100 27853 2.006719325
62 57 3 100 9556 2.006735584
10 0 3 100 69914 2.006741242
44 53 3 100 24966 2.006797012
25 6 3 100 76849 2.006808324
34 32 3 100 1406245 2.006813517
62 45 3 100 1324272 2.006827223
19 29 3 100 14584 2.006830492
20 2 3 100 16292088 2.006858422
22 26 3 100 11629 2.006870824
45 38 3 100 21071 2.006948793
29 13 3 100 102976 2.006954291
56 42 3 100 3664685 2.006956300
3 31 3 100 1871283 2.006973876
26 20 3 100 3782427 2.006979737
62 61 3 100 23212 2.006993142
26 24 3 100 74904 2.007000187
49 39 3 100 2780652 2.007003872
11 6 3 100 7056 2.007012835
38 59 3 100 75661 2.007067001
60 56 3 100 1612175 2.007148268
36 35 3 100 1003143 2.007148816
42 63 3 100 4472712 2.007170838
47 59 3 100 7113 2.007176050
45 32 3 100 47595 2.007198363
63 58 3 100 33097 2.007208795
30 0 3 100 91065 2.007216487
4 20 3 100 70347 2.007220338
35 44 3 100 1950 2.007304568
52 57 3 100 2818671 2.007315896
21 26 3 100 2675 2.007322240
23 11 3 100 101887 2.007330211
27 8 3 100 8741 2.007331831
29 26 3 100 4993357 2.007335398
30 24 3 100 25596 2.007336064
30 14 3 100 140186 2.007380705
53 60 3 100 50882 2.007396423
7 20 3 100 1967303 2.007399282
23 5 3 100 1382176 2.007415043
54 60 3 100 2752911 2.007438077
14 28 3 100 24039 2.007450755
51 54 3 100 5994 2.007461705
17 18 3 100 51753 2.007470661
2 16 3 100 1822060 2.007484168
40 60 3 100 421291 2.007486604
62 50 3 100 1590882 2.007501049
36 40 3 100 52565 2.007512197
42 59 3 100 4928 2.007540151
4 28 3 100 229558 2.007545886
3 19 3 100 5473 2.007601812
30 19 3 100 35385 2.007632971
23 30 3 100 165244 2.007671837
3 19 3 100 7840715 2.007676247
60 59 3 100 40926 2.007676330
63 55 3 100 23323 2.007728019
63 51 3 100 42738 2.007733294
32 63 3 100 8691 2.007733984
55 48 3 100 74659 2.007754287
57 56 3 100 35691 2.007762063
3 27 3 100 1329049 2.007765738
43 47 3 100 74313 2.007815017
61 51 3 100 1350351 2.007860412
44 45 3 100 36444 2.007930577
62 60 3 100 711571 2.007940236
5 1 3 100 1431706 2.007952410
9 1 3 100 895278 2.007958310
14 7 3 100 79720 2.007978001
37 49 3 100 88567 2.007980908
18 7 3 100 33693 2.007988283
60 34 3 100 74968 2.007994785
37 62 3 100 572222 2.008007692
10 14 3 100 3954290 2.008010621
61 62 3 100 42588 2.008026590
0 17 3 100 22107 2.008043297
11 7 3 100 344806 2.008065301
57 38 3 100 12540 2.008078043
31 27 3 100 44937 2.008085916
53 63 3 100 9016306 2.008090653
35 52 3 100 399692 2.008114513
26 8 3 100 44325 2.008145648
44 54 3 100 76773 2.008146650
56 38 3 100 29295 2.008165428
55 53 3 100 24959 2.008169336
52 54 3 100 131218 2.008194254
11 17 3 100 64367 2.008236452
15 24 3 100 7035 2.008240344
5 3 3 100 1795704 2.008331918
10 31 3 100 29879 2.008343942
8 13 3 100 6836726 2.008354425
7 28 3 100 20572 2.008360763
0 31 3 100 1512230 2.008390499
12 26 3 100 108356 2.008413376
49 40 3 100 6966375 2.008420062
48 55 3 100 1480052 2.008439472
4 29 3 100 315 2.008480191
47 50 3 100 357668 2.008481840
60 51 3 100 1369157 2.008509130
7 15 3 100 50216 2.008517440
17 20 3 100 65099 2.008561804
37 39 3 100 4360 2.008593489
42 36 3 100 3417270 2.008594624
43 41 3 100 7409 2.008598260
23 26 3 100 457806 2.008604507
4 31 3 100 15617734 2.008666080
57 34 3 100 50144 2.008670462
32 40 3 100 72681 2.008700391
6 14 3 100 29230 2.008728278
0 23 3 100 31311 2.008736677
61 54 3 100 70228 2.008737158
30 22 3 100 1613911 2.008753042
61 63 3 100 12595 2.008769651
17 28 3 100 236336 2.008784809
22 25 3 100 62411 2.008791624
50 56 3 100 8348 2.008835276
37 56 3 100 20959780 2.008858903
61 51 3 100 75708 2.008888328
8 15 3 100 1225752 2.008945233
1 30 3 100 1841522 2.008953782
1 4 3 100 39118 2.009053786
18 6 3 100 7912354 2.009084489
61 55 3 100 79509 2.009132076
29 31 3 100 1186 2.009138779
62 34 3 100 2876 2.009164701
21 27 3 100 11315 2.009191172
10 16 3 100 45812 2.009221252
56 54 3 100 9414 2.009278883
62 49 3 100 508 2.009292194
63 46 3 100 56445 2.009349377
1 11 3 100 6716402 2.009392460
49 63 3 100 49596 2.009407123
28 21 3 100 13386 2.009420780
6 10 3 100 29771 2.009430102
50 52 3 100 41573 2.009461607
31 9 3 100 8992131 2.009493481
26 10 3 100 4870 2.009500042
60 44 3 100 14393925 2.009517721
37 50 3 100 4333 2.009595127
42 44 3 100 5810310 2.009596681
42 43 3 100 75078 2.009660799
38 41 3 100 78061 2.009673406
8 3 3 100 7696223 2.009726984
27 15 3 100 58026 2.009775163
38 36 3 100 71491 2.009793323
28 5 3 100 10108 2.009827500
38 32 3 100 15399 2.009882798
11 2 3 100 14512383 2.009952937
