0b001b01 0b002c01 10000 100 19437 2000004279 16097 16151
0b003701 0b000a01 10000 100 65707 2000012052 19937 20030
0b002201 0b000e01 10000 100 1643 2000019160 14620 14659
0b002101 0b001c01 10000 100 22206 2000062886 16328 16384
0b002401 0b001601 10000 100 156716 2000072724 27491 27660
0b003701 0b000d01 10000 100 439 2000115848 14273 14558
0b001c01 0b003201 10000 100 16149 2000139230 15825 15877
0b000001 0b002f01 10000 100 27233 2000221079 18946 16806
0b001e01 0b002b01 10000 100 526793 2000179788 73860 58687
0b000e01 0b003e01 10000 100 66324 2000240164 25438 20083
0b002c01 0b000801 10000 100 160972 2000282230 28735 28016
0b003f01 0b000901 10000 100 7980 2000336529 17600 15189
0b002601 0b001101 10000 100 24632 2000346292 17550 16586
0b003b01 0b001501 10000 100 442207 2000311171 87948 51597
0b001301 0b002601 10000 100 7529 2000440430 15340 15153
0b001401 0b003201 10000 100 26152 2000477882 17089 16715
0b001801 0b002c01 10000 100 370209 2000440917 72232 45561
0b002001 0b001c01 10000 100 102074 2000503364 31539 23081
0b003f01 0b000401 10000 100 94440 2000573429 24048 22440
0b002601 0b001e01 10000 100 28267 2000574975 36944 16892
0b002901 0b000701 10000 100 68275 2000578431 38643 20246
0b001001 0b003c01 10000 100 2616 2000643728 18830 14740
0b000501 0b003301 10000 100 733326 2000556723 136269 76004
0b002701 0b001901 10000 100 74629 2000749756 21198 20778
0b003a01 0b001501 10000 100 5109003 2000273770 521459 442862
0b001301 0b003801 10000 100 29574 2000807593 29672 17001
0b002201 0b001301 10000 100 2863 2000864969 24454 14760
0b001401 0b002101 10000 100 1909337 2000537180 385547 174601
0b000001 0b002001 10000 100 23002 2000896135 31156 16452
0b000a01 0b003101 10000 100 289 2000978676 37585 14546
0b000a01 0b003a01 10000 100 975799 2000880071 206473 96331
0b003f01 0b000301 10000 100 72846 2001065480 38760 20628
0b001201 0b002201 10000 100 1068 2001082279 29004 14613
0b002101 0b000401 10000 100 1718388 2000677822 436633 158592
0b001101 0b002f01 10000 100 2077728 2000780107 365034 188717
0b000501 0b002c01 10000 100 115989 2001131877 39334 24244
0b001a01 0b002e01 10000 100 59053 2001257349 25135 19474
0b002f01 0b000701 10000 100 4259 2001325683 15250 14879
0b001201 0b002701 10000 100 3233631 2000859960 547317 285629
0b002a01 0b001d01 10000 100 1114513 2001283095 185974 107962
0b001901 0b002101 10000 100 8546721 2000210000 1288828 731078
0b002101 0b000101 10000 100 124083 2001466336 36922 24926
0b000c01 0b002f01 10000 100 5120 2001539394 15380 14952
0b001f01 0b003a01 10000 100 37331 2001568262 20464 17652
0b000d01 0b003101 10000 100 37131 2001597626 17792 17636
0b003401 0b000201 10000 100 1223693 2001512357 123447 117115
0b000b01 0b002101 10000 100 25893 2001720076 18128 16691
0b003a01 0b001601 10000 100 617574 2001611154 147418 66299
0b001901 0b002e01 10000 100 49725 2001741991 26104 18690
0b001401 0b002c01 10000 100 759000 2001650011 139956 78154
0b003f01 0b001f01 10000 100 71435 2001802709 28111 20511
0b003b01 0b000f01 10000 100 716 2001841252 18587 14581
0b002401 0b001001 10000 100 8194 2001868489 30536 15210
0b002201 0b001401 10000 100 19664 2001919662 41974 16169
0b001101 0b003301 10000 100 40070 2001949032 27168 17883
0b003801 0b000501 10000 100 3011 2001992022 35990 14776
0b002901 0b000e01 10000 100 9367 2002056239 44472 15307
0b000b01 0b003101 10000 100 559072 2001973716 160146 61396
0b003c01 0b000501 10000 100 438425 2002001249 142148 51279
0b003d01 0b001f01 10000 100 246638 2002014089 136700 35199
0b001c01 0b002f01 10000 100 4904 2002128394 46304 14931
0b003401 0b001301 10000 100 26517 2002205280 56871 16745
0b001501 0b002001 10000 100 8701 2002210675 62989 15250
0b003801 0b001d01 10000 100 57456 2002221785 59344 19339
0b003301 0b001601 10000 100 29787 2002249905 39030 17018
0b003201 0b001801 10000 100 62429 2002245891 72169 19756
0b003401 0b000101 10000 100 23456 2002267856 84132 16488
0b003101 0b001501 10000 100 383831 2002290788 157238 46701
0b001701 0b003f01 10000 100 1184332 2002114651 363364 113816
0b003f01 0b001601 10000 100 51344 2002394530 87127 18827
0b003201 0b001301 10000 100 73212 2002471374 41272 20661
0b002601 0b001901 10000 100 4382 2002514500 46409 14889
0b001301 0b003601 10000 100 1324 2002598333 44461 14633
0b001e01 0b002b01 10001 100 1915208 2001817615 832474 175094
0b002b01 0b000501 10000 100 1998481 2001891145 805605 182074
0b001101 0b002f01 10001 100 2218991 2002055531 672392 200560
0b003901 0b001a01 10000 100 48265 2002683262 59173 18569
0b001001 0b003001 10000 100 3870155 2001733949 1030585 338997
0b001c01 0b003701 10000 100 9286 2002837458 38645 15301
0b001301 0b002a01 10000 100 1854132 2002331475 550505 169973
0b000701 0b002e01 10000 100 1991 2002868344 29925 14686
0b000001 0b002901 10000 100 2191574 2001919033 1015568 198263
0b000301 0b003601 10000 100 29561 2002912232 45955 17000
0b001601 0b002101 10000 100 40984 2002929148 40815 17956
0b000301 0b003201 10000 100 765162 2002812782 172181 78674
0b000f01 0b003301 10000 100 1445595 2002516187 470244 135720
0b000b01 0b003f01 10000 100 8894 2003022071 19634 15266
0b000c01 0b003901 10000 100 4774 2003011115 44130 14921
0b000101 0b002c01 10000 100 459424 2002924632 141056 53040
0b000701 0b002c01 10000 100 57709 2003047470 33598 19359
0b000c01 0b003d01 10000 100 10833 2003068330 24164 15428
0b000901 0b002a01 10000 100 884 2003077640 55805 14594
0b001c01 0b002501 10000 100 72714 2003104416 34801 20617
0b002c01 0b000601 10000 100 146045 2003083542 84696 26768
0b001c01 0b002b01 10000 100 22976 2003158464 33883 16446
0b002701 0b001b01 10000 100 157057 2003160108 54471 27691
0b002201 0b000901 10000 100 4715 2003235993 32826 14916
0b002b01 0b001301 10000 100 984646 2002981533 312777 97074
0b002101 0b001801 10000 100 492187 2003034057 263663 55788
0b000901 0b003901 10000 100 104833 2003304315 62742 23309
0b000d01 0b003e01 10000 100 396152 2003208719 195899 47736
0b003d01 0b000601 10000 100 3636 2003422982 48684 14826
0b003901 0b001b01 10000 100 4066 2003420218 64631 14864
0b001201 0b003d01 10000 100 1225 2003433701 59257 14625
0b000801 0b003a01 10000 100 41773 2003432463 68693 18023
0b002701 0b001201 10000 100 29844 2003461220 50165 17022
0b003101 0b001101 10000 100 2544584 2002114558 1404774 227859
0b001a01 0b003801 10000 100 43881 2003511991 62625 18199
0b001501 0b002101 10000 100 7682 2003550570 41185 15165
0b000801 0b003301 10000 100 1203061 2003252997 339892 115388
0b000801 0b003501 10000 100 925516 2003302521 321959 92117
0b001a01 0b002901 10000 100 41192 2003612829 40176 17976
0b003a01 0b001501 10001 100 9009 2003646418 36220 15279
0b003501 0b000f01 10000 100 243108 2003615525 90392 34905
0b001901 0b003e01 10000 100 1526565 2003314977 438837 142508
0b003701 0b000601 10000 100 13371 2003732546 39304 15643
0b003401 0b000a01 10000 100 1946117 2002656630 1122173 177685
0b002701 0b000001 10000 100 2489304 2002295278 1517198 223225
0b001f01 0b003e01 10000 100 44241 2003838384 56273 18232
0b000201 0b002201 10000 100 42902 2003840427 56276 18117
0b001501 0b003b01 10000 100 37706 2003843337 55024 17682
0b002a01 0b001001 10000 100 28055 2003850578 63904 16875
0b002201 0b000c01 10000 100 21950 2003919218 61161 16360
0b003a01 0b001501 10002 100 20262 2003994506 47313 16221
0b001701 0b003a01 10000 100 12831 2004045363 58599 15596
0b001901 0b002401 10000 100 26938 2004048097 61923 16778
0b003e01 0b001401 10000 100 15294 2004071762 47332 15804
0b001601 0b003001 10000 100 68472 2004106236 72688 20262
0b001201 0b003701 10000 100 1592 2004118096 61607 14655
0b002201 0b000101 10000 100 1778668 2002765602 1419582 163644
0b000f01 0b003601 10000 100 60131 2004123315 70864 19564
0b003701 0b000701 10000 100 8183 2004140265 63397 15209
0b001d01 0b003601 10000 100 34527 2004145736 64403 17416
0b002a01 0b001e01 10000 100 11330 2004210023 58545 15472
0b003601 0b000201 10000 100 3409721 2001871523 2399515 300392
0b003d01 0b001901 10000 100 32691 2004273224 78106 17262
0b003501 0b000601 10000 100 176427 2004244148 109455 29313
0b002301 0b000b01 10000 100 115748 2004261177 93665 24225
0b003101 0b000b01 10000 100 72656 2004287069 89251 20612
0b001501 0b002d01 10000 100 145528 2004306017 84936 26722
0b003001 0b001201 10000 100 32681 2004311421 81676 17261
0b000a01 0b003b01 10000 100 1561348 2003984291 536132 145425
0b001501 0b003701 10000 100 1348049 2004017306 532463 127544
0b003e01 0b000901 10000 100 31489 2004518191 56642 17162
0b002d01 0b000301 10000 100 75010 2004513446 73920 20812
0b003101 0b001c01 10000 100 2303557 2002634256 1985670 207651
0b001001 0b002501 10000 100 632807 2004381582 262241 67575
0b002901 0b000c01 10000 100 50510 2004636220 52558 18756
0b001901 0b003701 10000 100 763830 2004325960 381915 78560
0b003f01 0b001e01 10000 100 1728565 2003006156 1716761 159444
0b003e01 0b000a01 10000 100 63746 2004712631 51827 19865
0b003c01 0b001901 10000 100 24092 2004855520 56201 16543
0b002101 0b001301 10000 100 43139 2004880074 45286 18140
0b001e01 0b003f01 10000 100 6379 2004863505 66128 15057
0b002c01 0b000001 10000 100 3451339 2002505864 2488277 303882
0b001301 0b003801 10001 100 62464 2004949922 57560 19759
0b001e01 0b002101 10000 100 15425756 2000702135 4339026 1307816
0b002201 0b000d01 10000 100 55079 2005043711 62555 19141
0b000b01 0b002a01 10000 100 58372 2005034521 75238 19416
0b001701 0b003101 10000 100 1532933 2003868445 1337459 143041
0b002301 0b000901 10000 100 1605223 2003325500 1893646 149104
0b001601 0b003e01 10000 100 464560 2005036948 187522 53470
0b001601 0b003401 10000 100 4424 2005189623 55243 14893
0b002b01 0b001a01 10000 100 1222924 2004811617 453110 117050
0b001901 0b002f01 10000 100 2387625 2003761985 1565643 214699
0b002401 0b000401 10000 100 1038 2005264865 64710 14610
0b002701 0b001301 10000 100 2306862 2003252434 2130593 207927
0b001e01 0b003d01 10000 100 234741 2005297903 125788 34201
0b000001 0b002b01 10000 100 60138 2005455618 66760 19565
0b002e01 0b001301 10000 100 873246 2004171359 1414798 87735
0b002d01 0b001201 10000 100 20450 2005551989 61631 16236
0b001601 0b003801 10000 100 2743 2005576970 70611 14750
0b000701 0b002001 10000 100 87291 2005601141 89224 21841
0b003501 0b000e01 10000 100 50561 2005624200 78660 18760
0b003501 0b001701 10000 100 211142 2005599208 128354 32225
0b003601 0b001701 10000 100 124769 2005668453 78579 24981
0b001c01 0b003f01 10000 100 22505 2005763850 55413 16408
0b000301 0b003801 10000 100 877832 2005472263 350210 88118
0b002c01 0b000701 10000 100 99075 2005776549 77892 22830
0b003901 0b001b01 10001 100 3366 2005834228 65257 14804
0b002101 0b000201 10000 100 5685 2005845686 61353 14997
0b002801 0b001c01 10000 100 458477 2005601533 334794 52960
0b000f01 0b003b01 10000 100 104674 2005908570 63437 23297
0b003401 0b000001 10000 100 31282 2006024440 59672 17145
0b003e01 0b000801 10000 100 68068 2006079929 70706 20230
0b000a01 0b002101 10000 100 1992014 2004572882 1579293 181534
0b001701 0b003a01 10001 100 26339 2006085153 82903 16730
0b001301 0b002f01 10000 100 2570028 2004751726 1424063 229994
0b002001 0b001a01 10000 100 8781460 2001853028 4422547 750759
0b003101 0b000e01 10000 100 725447 2006023329 271095 75343
0b002601 0b001a01 10000 100 31330 2006265175 53246 17149
0b000601 0b002601 10000 100 2803007 2004813283 1560838 249527
0b003d01 0b000701 10000 100 5912 2006328032 54397 15016
0b000301 0b003a01 10000 100 3338448 2003718050 2685604 294417
0b000401 0b003301 10000 100 327517 2006282821 164452 41980
0b000001 0b003801 10001 100 24060 2006409490 84312 16540
0b002601 0b000101 10000 100 6833123 2002228301 4294210 587412
0b001001 0b003901 10000 100 3764 2006482015 53929 14836
0b001b01 0b002601 10000 100 26124 2006541578 65497 16713
0b003001 0b001601 10000 100 66064 2006535627 72067 20062
0b002301 0b001b01 10000 100 43410 2006560615 61063 18161
0b003b01 0b001401 10000 100 13398 2006565571 59603 15645
0b001601 0b003d01 10000 100 62768 2006616800 71601 19783
0b000501 0b002301 10000 100 4787 2006662780 52730 14922
0b001101 0b003801 10000 100 41046 2006709219 50776 17964
0b001501 0b003e01 10000 100 745875 2005823318 965396 77054
0b000601 0b003901 10000 100 23929 2006796084 62102 16526
0b001201 0b003d01 10001 100 107584 2006875919 76153 23541
0b000e01 0b002c01 10000 100 47236 2006898448 70498 18483
0b002e01 0b000201 10000 100 43628 2006900957 71223 18179
0b002b01 0b001601 10000 100 71926 2006907808 70121 20550
0b000801 0b002701 10000 100 52832 2006955703 69628 18950
0b002e01 0b000501 10000 100 699174 2006591628 445640 73141
0b002f01 0b000d01 10000 100 30445 2006985377 69662 17074
0b001401 0b003601 10000 100 186489 2006943822 116059 30157
0b000401 0b002d01 10000 100 73733 2007059019 64446 20702
0b000b01 0b002101 10001 100 47875 2007069024 61056 18534
0b002a01 0b000301 10000 100 666040 2006562750 651292 70364
0b003801 0b000301 10000 100 1029 2007178536 52367 14610
0b002d01 0b001401 10000 100 10065 2007172587 59387 15367
0b002901 0b001301 10000 100 8583 2007208931 49814 15241
0b000301 0b002901 10000 100 35836 2007217797 55609 17525
0b001701 0b003001 10000 100 4256139 2004609317 2714276 371358
0b003401 0b000601 10000 100 75485 2007260032 63739 20850
0b000901 0b003a01 10000 100 54491 2007348083 56885 19090
0b001301 0b002601 10001 100 17016075 2001605268 5824938 1441151
0b003701 0b001201 10000 100 873387 2006172294 1258277 87747
0b000601 0b002101 10000 100 35581 2007410613 59458 17504
0b001401 0b002101 10001 100 162200 2007447423 89298 28121
0b003501 0b001501 10000 100 3293232 2004551166 3015537 290627
0b003301 0b000001 10000 100 6491643 2002336591 5240080 558780
0b002901 0b001e01 10000 100 66495 2007582101 68533 20096
0b003d01 0b001601 10000 100 2975 2007617627 58612 14769
0b000301 0b003f01 10000 100 3757 2007651791 56782 14835
0b000201 0b003a01 10000 100 61532 2007689344 68669 19680
0b003801 0b001001 10000 100 22561 2007694991 63914 16413
0b002901 0b000b01 10000 100 68497 2007675150 83843 20264
0b003501 0b000501 10000 100 779791 2006526790 1365831 79898
0b002e01 0b000e01 10000 100 146851 2007838759 86843 26832
0b000e01 0b003601 10000 100 79093 2007872254 70274 21154
0b000201 0b003c01 10000 100 20661 2007891840 53553 16253
0b001601 0b003701 10000 100 9203 2007975968 54228 15294
0b002101 0b001201 10000 100 8326 2008030086 59883 15220
0b000001 0b003801 10000 100 2005177 2006083595 2043856 182637
0b000b01 0b003001 10000 100 32711 2008098909 58676 17263
0b002801 0b000f01 10000 100 3497 2008113899 55307 14815
0b000001 0b003501 10000 100 9315038 2003170711 5016333 795496
0b000301 0b003901 10000 100 36737 2008221987 63252 17601
0b001b01 0b003201 10000 100 26913 2008258120 74197 16776
0b001d01 0b003301 10000 100 1223920 2006809787 1570263 117133
0b001801 0b002701 10000 100 82786 2008312951 97788 21461
0b000d01 0b002f01 10000 100 53846 2008377126 81448 19035
0b002d01 0b001301 10000 100 258954 2007399744 1109200 36230
0b003d01 0b000001 10000 100 55162 2008457090 75462 19148
0b001a01 0b003101 10000 100 2229200 2006170850 2387034 201419
0b003b01 0b000001 10000 100 6569 2008513494 66288 15072
0b002801 0b000c01 10000 100 70402 2008506938 79674 20424
0b002c01 0b001401 10000 100 47582 2008523967 64193 18510
0b003d01 0b001101 10000 100 6456849 2003435967 5200922 555862
0b003b01 0b000301 10000 100 4996835 2004106495 4531910 433455
0b003601 0b001101 10000 100 5011 2008583198 57018 14943
0b000c01 0b003601 10000 100 1700237 2006137620 2523181 157070
0b003f01 0b001201 10000 100 10053 2008622035 56423 15366
0b000a01 0b003a01 10001 100 10219 2008620116 65875 15379
0b003401 0b001401 10000 100 54389 2008637762 75991 19082
0b001501 0b003901 10000 100 20117 2008657180 69640 16210
0b001601 0b002001 10000 100 8749309 2004457888 4336753 748064
0b003c01 0b000d01 10001 100 155880 2008706870 106184 27589
0b003701 0b000a01 10001 100 2618 2008844492 55878 14740
0b003701 0b001101 10000 100 57841 2008872139 66169 19370
0b002701 0b000201 10000 100 55819 2008880153 59815 19200
0b001001 0b003f01 10000 100 10737 2008900370 58646 15421
0b002501 0b000801 10000 100 23778 2008919155 57988 16514
0b001701 0b003b01 10000 100 9698197 2004405531 4615826 827619
0b003201 0b000601 10000 100 64743 2008957804 66197 19949
0b000501 0b002001 10000 100 22808 2008981272 53536 16432
0b000801 0b003001 10000 100 8116 2009003003 53645 15203
0b002301 0b000c01 10000 100 63644 2009073896 65441 19857
0b002101 0b000b01 10000 100 3607678 2005446966 3694126 316988
0b003501 0b000901 10000 100 1357604 2007261970 1892759 128343
0b000f01 0b003501 10000 100 14886 2009100996 59335 15768
0b000401 0b003e01 10000 100 1000098 2008721335 440949 98371
0b001301 0b002301 10000 100 67872 2009088223 78767 20210
0b000101 0b003e01 10000 100 60787 2009090045 77669 19617
0b000b01 0b003d01 10000 100 43612 2009143783 60678 18177
0b000801 0b002a01 10000 100 15947 2009175497 58440 15857
0b000c01 0b002a01 10000 100 282582 2009227089 116842 38213
0b001601 0b003a01 10000 100 3481362 2008198683 1171437 306399
0b001c01 0b003001 10000 100 53420 2009340327 55374 19000
0b002c01 0b000a01 10000 100 17641615 2000836168 8566070 1493594
0b003d01 0b001e01 10000 100 14966 2009401501 63187 15774
0b002d01 0b000b01 10000 100 947406 2007747194 1773709 93952
0b003401 0b001b01 10000 100 2953126 2006530532 3001284 262113
0b001f01 0b003a01 10001 100 2243 2009488704 68274 14710
0b002a01 0b000a01 10000 100 1205843 2008141661 1504475 115618
0b000a01 0b003d01 10000 100 9610 2009577356 73288 15327
0b001b01 0b003301 10000 100 339605 2009343535 335649 42994
0b003301 0b001b01 10000 100 1116093 2009092343 596110 108096
0b002601 0b000d01 10000 100 28333 2009662189 49809 16898
0b002a01 0b001f01 10000 100 43413 2009666331 53965 18162
0b001b01 0b002301 10000 100 511806 2009556616 173310 57430
0b002e01 0b000401 10000 100 11091 2009713171 52701 15453
0b001a01 0b002f01 10000 100 62288 2009736177 70394 19744
0b000001 0b003d01 10000 100 9243 2009754408 64358 15297
0b002c01 0b001201 10000 100 6886 2009759772 60720 15097
0b002801 0b000001 10000 100 25803 2009783876 64663 16684
0b002d01 0b000601 10000 100 7495578 2003290806 6562539 642950
0b001001 0b003a01 10000 100 6356728 2005042910 4817944 547469
0b003501 0b000601 10001 100 176326 2009798229 89353 29305
0b002001 0b001701 10001 100 92254 2009803665 90270 22257
0b002c01 0b001901 10000 100 856188 2008368131 1540810 86305
0b002d01 0b000901 10000 100 3948491 2006278206 3666531 345563
0b000a01 0b003301 10000 100 853452 2009419734 535903 86075
0b000701 0b002401 10000 100 6447 2009925300 49915 15062
0b001c01 0b002001 10000 100 9931 2009933601 62259 15352
0b000d01 0b002701 10000 100 68734 2009931754 68399 20283
0b001d01 0b002b01 10000 100 65748 2009955414 61872 20033
0b002d01 0b000b01 10001 100 4296 2010004117 59851 14882
0b002701 0b000e01 10001 100 4550 2010026353 40472 14903
0b001101 0b002201 10000 100 46708 2010096120 49716 18437
0b001801 0b002601 10000 100 13723 2010150756 42649 15671
0b003101 0b000f01 10000 100 1483966 2006962635 3261898 138935
0b003301 0b001001 10000 100 1253754 2008624296 1611649 119635
0b003401 0b000f01 10001 100 5683 2010186152 62542 14997
0b000101 0b002101 10000 100 9468154 2003599556 6667301 808333
0b002201 0b001201 10000 100 133986 2010213225 74634 25753
0b002801 0b001b01 10000 100 3345 2010218603 74291 14802
0b003901 0b001c01 10000 100 7919 2010260316 56349 15184
0b000201 0b002c01 10000 100 3300085 2007589056 2779235 291202
0b000401 0b003401 10000 100 919031 2009367881 1025224 91575
0b003e01 0b000701 10000 100 46627 2010331680 70668 18430
0b003a01 0b001601 10001 100 16982 2010323221 81247 15943
0b000001 0b003f01 10000 100 53424 2010351285 56756 19001
0b000001 0b002601 10000 100 3691328 2008295758 2137503 324003
0b003701 0b001901 10000 100 6747 2010392240 63831 15086
0b001f01 0b003601 10000 100 2485 2010424172 59844 14730
0b000f01 0b003901 10000 100 2418944 2009714273 769895 217324
0b000901 0b003f01 10000 100 32491 2010441700 67868 17246
0b000801 0b003901 10000 100 1111 2010460396 65223 14616
0b000001 0b003b01 10000 100 318799 2010437920 157270 41248
0b003001 0b001201 10001 100 44631 2010678530 70543 18263
0b000d01 0b003001 10000 100 4956 2010702584 65649 14935
0b001801 0b002801 10000 100 38560 2010734205 77417 17754
0b002801 0b000101 10000 100 2624572 2009915674 912597 234565
0b003701 0b001301 10000 100 9592 2010761041 84310 15325
0b003f01 0b000a01 10000 100 915683 2009521329 1409973 91292
0b001e01 0b002001 10000 100 989120 2010541359 404755 97451
0b002701 0b001f01 10000 100 61150 2010864273 93409 19650
0b000601 0b003b01 10000 100 60551 2010900745 76248 19598
0b003601 0b001601 10000 100 15838 2010971918 95807 15848
0b002901 0b000f01 10000 100 40115 2010997872 81904 17886
0b001501 0b003201 10000 100 1610045 2010514998 617410 149509
0b000f01 0b002101 10000 100 63343 2011098081 92701 19833
0b003a01 0b001301 10000 100 1108 2011134156 68513 14616
0b003401 0b001d01 10000 100 102806 2011214054 123020 23140
0b000501 0b002401 10000 100 69479 2011280160 105081 20347
0b003801 0b001201 10000 100 9145 2011314971 97574 15290
0b001401 0b002601 10000 100 5988 2011369011 78055 15022
0b002201 0b001901 10000 100 26504 2011352212 104346 16744
0b001e01 0b002901 10000 100 7643853 2006300040 5258217 655381
0b001501 0b002c01 10000 100 61499 2011515539 110020 19678
0b000801 0b002701 10001 100 20640 2011564171 88874 16251
0b001701 0b003501 10000 100 54624 2011575033 105056 19101
0b002b01 0b001d01 10000 100 12132 2011667826 65946 15540
0b000001 0b002801 10000 100 67819 2011649837 95335 20206
0b000701 0b002b01 10000 100 51313 2011734793 88470 18824
0b002501 0b000901 10000 100 713000 2010584603 1309693 74297
0b002001 0b001001 10000 100 309480 2011000777 932321 40468
0b003b01 0b001601 10000 100 6059187 2004235854 7705753 522525
0b000701 0b002401 10001 100 164966 2011893142 92210 28350
0b003101 0b001201 10000 100 3408 2011914218 81681 14808
0b001d01 0b003701 10000 100 117291 2011924437 92441 24356
0b003201 0b000a01 10000 100 5885 2011930228 96961 15013
0b003301 0b001501 10000 100 548634 2010723640 1355546 60518
0b001d01 0b003e01 10000 100 885576 2011674488 423348 88768
0b003e01 0b000c01 10000 100 595784 2011291782 872094 64471
0b001b01 0b003a01 10000 100 441580 2011908267 257896 51543
0b003c01 0b001e01 10001 100 160794 2012078028 92458 28001
0b003801 0b000d01 10000 100 76160 2012127329 108204 20908
0b001501 0b002d01 10001 100 3857310 2010082021 2206595 337919
0b002701 0b000e01 10000 100 5197800 2006301968 6013735 450304
0b001701 0b003101 10001 100 1801477 2010204910 2128396 165557
0b002201 0b000f01 10000 100 1540091 2008687699 3698323 143644
0b001f01 0b002601 10000 100 7486993 2006773300 5627617 642229
0b002901 0b000b01 10001 100 159700 2012320786 94479 27910
0b002801 0b001b01 10001 100 106256 2012378958 77562 23431
0b002f01 0b000f01 10000 100 61350 2012451818 88724 19666
0b002c01 0b000a01 10001 100 48793 2012454255 92613 18611
0b001c01 0b002b01 10001 100 327949 2011408152 1162703 42015
0b001101 0b003001 10000 100 138617 2012497768 94267 26143
0b003001 0b000e01 10000 100 218942 2012417405 213364 32876
0b003d01 0b001901 10001 100 9547 2012550678 103719 15322
0b001001 0b002301 10000 100 51289 2012658376 109956 18822
0b000101 0b003601 10000 100 163364 2012691343 122376 28218
0b002101 0b001e01 10000 100 4621 2012728479 99791 14908
0b003701 0b001e01 10000 100 52908 2012723658 121789 18956
0b000c01 0b003601 10001 100 15559 2012744893 102632 15826
0b000601 0b002d01 10000 100 167641 2012778395 130558 28576
0b003201 0b001501 10000 100 35015 2012831773 84556 17459
0b003c01 0b001e01 10000 100 1132825 2011182362 1743583 109496
0b001601 0b003c01 10000 100 1253591 2011061504 1873846 119622
0b001e01 0b003b01 10000 100 1333040 2011064165 1916427 126285
0b002101 0b001c01 10001 100 1288299 2012170896 815274 122533
0b002b01 0b001c01 10000 100 196051 2012837696 184505 30960
0b002901 0b000001 10000 100 63242 2012931911 101498 19825
0b003401 0b001401 10001 100 1103149 2011953501 1080661 107011
0b003a01 0b001f01 10000 100 49385 2013002642 82114 18662
0b002501 0b001d01 10000 100 66088 2012969090 120108 20064
0b002301 0b001001 10000 100 4049726 2008360247 4731101 354050
0b000e01 0b003d01 10000 100 423502 2012812343 291949 50028
0b001d01 0b003c01 10000 100 676 2013094482 56545 14577
0b003a01 0b001d01 10000 100 745711 2010977669 2176863 77041
0b001e01 0b003301 10000 100 2410130 2010785058 2389328 216588
0b003801 0b000401 10000 100 64404 2013099861 75367 19921
0b000701 0b003c01 10000 100 65697 2013138035 65381 20029
0b003101 0b001e01 10000 100 11938461 2002747873 10610335 1015442
0b000501 0b002101 10000 100 2963267 2010212290 3146360 262963
0b002601 0b001001 10000 100 10438 2013304021 57223 15397
0b000101 0b003d01 10000 100 26419 2013301396 84750 16737
0b000e01 0b002a01 10000 100 42110 2013369776 67104 18053
0b003b01 0b000701 10000 100 56233 2013383918 64629 19237
0b001f01 0b002401 10000 100 521333 2013188159 263999 58231
0b003f01 0b001901 10000 100 1463784 2011459782 2009643 137244
0b001701 0b002f01 10000 100 53527 2013493191 56261 19009
0b003101 0b001b01 10000 100 63440 2013526496 99987 19840
0b001801 0b003601 10000 100 15280 2013570422 62274 15803
0b000501 0b003201 10000 100 4188174 2010402678 3295726 365659
0b002a01 0b001a01 10000 100 28527 2013627662 106624 16913
0b001c01 0b002601 10000 100 5159 2013781349 99227 14955
0b001401 0b002f01 10000 100 34317 2013805288 86700 17399
0b002901 0b001a01 10000 100 617498 2012624198 1339493 66292
0b000b01 0b002c01 10000 100 8615 2013883196 96891 15243
0b001201 0b003701 10001 100 183732 2013824534 199665 29925
0b003c01 0b000d01 10000 100 8669985 2004222034 9820270 741411
0b002501 0b001001 10000 100 711867 2012072932 2012515 74203
0b000701 0b002601 10000 100 832 2013984692 102789 14590
0b001c01 0b003701 10001 100 3162057 2010277545 3822873 279630
0b001f01 0b003c01 10000 100 42342 2013996584 112783 18072
0b000301 0b002901 10001 100 46888 2014004729 147023 18451
0b000f01 0b002001 10000 100 60041 2014099231 150797 19557
0b002301 0b001d01 10000 100 44331 2014145178 120756 18239
0b002c01 0b001801 10000 100 39217 2014173480 98060 17810
0b000201 0b002b01 10000 100 816782 2012546211 1738383 82999
0b001401 0b002001 10000 100 41982 2014185825 107321 18039
0b002401 0b001e01 10000 100 841614 2012678113 1628964 85082
0b003c01 0b001601 10000 100 888003 2012709062 1628264 88974
0b000f01 0b002701 10000 100 9391 2014303062 65860 15309
0b003a01 0b000a01 10000 100 778147 2011833826 2607764 79763
0b003201 0b001d01 10000 100 54114 2014374628 102075 19060
0b001401 0b003b01 10000 100 228769 2014352219 139856 33700
0b000301 0b003701 10000 100 5872 2014462931 67603 15012
0b003801 0b001501 10000 100 7355 2014463366 83174 15139
0b002b01 0b001c01 10001 100 26325 2014467112 85056 16729
0b002d01 0b001101 10000 100 79715 2014455475 98553 21204
0b002f01 0b000e01 10000 100 3934 2014484797 80699 14850
0b002101 0b001401 10000 100 35878 2014557239 89807 17528
0b000201 0b002501 10000 100 67951 2014575122 103194 20217
0b002401 0b001201 10000 100 37233 2014597021 83739 17644
0b000c01 0b003701 10000 100 30571 2014592577 102258 17084
0b001601 0b002201 10000 100 17082 2014611112 89227 15955
0b002701 0b001b01 10001 100 7396 2014753842 111123 15142
0b002f01 0b000901 10000 100 183291 2014691229 218940 29889
0b000001 0b002c01 10000 100 1116160 2013936004 1071339 108102
0b002b01 0b000601 10000 100 2456502 2011229639 3789951 220475
0b001201 0b003d01 10002 100 3192 2014947244 79297 14790
0b001b01 0b003401 10000 100 34763 2014973714 78111 17435
0b003b01 0b000d01 10000 100 21094 2015020139 102021 16292
0b000401 0b002b01 10000 100 71373 2015044205 84130 20506
0b002d01 0b000001 10000 100 686534 2013263020 1876890 72080
0b003401 0b001501 10000 100 1308625 2012760861 2386690 124236
0b003e01 0b001901 10000 100 1849334 2013203600 1968845 169570
0b000901 0b002401 10000 100 1801150 2012385212 2800879 165531
0b003a01 0b001201 10000 100 73216 2015106174 90607 20661
0b003801 0b000701 10000 100 291002 2015042048 185905 38921
0b003601 0b000a01 10000 100 52309 2015169524 100216 18908
0b001c01 0b002301 10000 100 7773 2015206705 87441 15172
0b003501 0b001501 10001 100 35683 2015243547 71303 17512
0b002201 0b001701 10000 100 113912 2015279331 86750 24070
0b003201 0b001301 10001 100 49894 2015292563 77458 18703
0b000d01 0b003501 10000 100 21783 2015295889 94904 16347
0b001301 0b003201 10000 100 58798 2015307635 93413 19450
0b000e01 0b002d01 10000 100 4923842 2010400946 5004862 427335
0b002e01 0b000d01 10000 100 6868151 2008061854 7393901 590349
0b000e01 0b002801 10000 100 3597028 2011864163 3616711 316098
0b000c01 0b003e01 10000 100 1760 2015418298 119051 14668
0b000401 0b003801 10000 100 20339 2015439601 101352 16227
0b001301 0b003d01 10000 100 19517 2015505550 76309 16158
0b000401 0b003101 10000 100 1785001 2012564268 3074174 164178
0b001f01 0b002b01 10000 100 374765 2015406247 243984 45941
0b000c01 0b002901 10000 100 311648 2015481545 176501 40649
0b000401 0b003b01 10000 100 9732584 2006178765 9516220 830501
0b002e01 0b000901 10000 100 7201612 2006833353 8869297 618304
0b001201 0b003601 10000 100 4295457 2010932399 4777875 374653
0b002801 0b000d01 10000 100 1572722 2013598849 2144998 146378
0b003801 0b000401 10001 100 13886 2015677815 68032 15684
0b002e01 0b001001 10000 100 5827356 2009136546 6610636 503088
0b000c01 0b002801 10000 100 1795778 2013384541 2370983 165078
0b002501 0b001501 10000 100 2488119 2011214734 4570676 223127
0b000801 0b002b01 10000 100 196536 2015666214 130010 30999
0b002401 0b001e01 10001 100 21822 2015748417 66202 16350
0b002c01 0b000601 10001 100 1680152 2013721794 2105619 155387
0b001f01 0b002601 10001 100 65763 2015784768 78716 20034
0b001f01 0b003e01 10002 100 21444 2015830353 58413 16320
0b002401 0b000201 10000 100 54414 2015889123 70944 19084
0b003901 0b001c01 10001 100 42156 2015883994 88183 18057
0b003801 0b001201 10001 100 877403 2014498431 1478152 88083
0b003601 0b001801 10000 100 3123229 2011543301 4450682 276374
0b003301 0b001f01 10001 100 45328 2015964594 85712 18322
0b003701 0b000301 10000 100 100812 2016003935 89538 22972
0b000501 0b003f01 10000 100 8331 2016055129 75330 15221
0b001b01 0b002301 10001 100 40499 2016027918 105933 17917
0b001d01 0b003d01 10000 100 7648 2016078300 81315 15162
0b003301 0b001001 10001 100 76936 2016090864 77299 20970
0b000301 0b002201 10000 100 3428006 2013057052 3166818 301927
0b000701 0b002001 10001 100 779108 2014738561 1488859 79843
0b002e01 0b000d01 10001 100 78738 2016164745 86444 21122
0b001f01 0b003e01 10001 100 666107 2014701942 1559404 70369
0b003001 0b001101 10000 100 21214 2016184791 78527 16301
0b001e01 0b003501 10000 100 24591 2016193528 89197 16583
0b003601 0b001b01 10000 100 43051 2016248996 86856 18133
0b000c01 0b002a01 10001 100 999944 2014708834 1637907 98355
0b000e01 0b002e01 10000 100 386990 2015097009 1264092 46965
0b002401 0b001c01 10000 100 3029 2016302469 71761 14777
0b003101 0b000d01 10000 100 1405810 2014495999 1927831 132383
0b000e01 0b002301 10000 100 4576457 2010789706 5637122 398212
0b003201 0b000201 10000 100 57654 2016350700 83527 19355
0b002701 0b000701 10000 100 78484 2016356234 88708 21102
0b000a01 0b003601 10001 100 54295 2016363312 93412 19074
0b001e01 0b002301 10000 100 72636 2016373804 109625 20611
0b000b01 0b002f01 10001 100 21956 2016440462 66768 16360
0b002b01 0b000e01 10001 100 13820 2016472901 73621 15679
0b000c01 0b003c01 10000 100 3619154 2012179531 4435969 317953
0b001d01 0b003101 10000 100 4681430 2010873548 5743069 407013
0b002501 0b001901 10000 100 13426 2016577441 73256 15647
0b003701 0b000e01 10000 100 132597 2016617309 84715 25638
0b000001 0b003401 10000 100 32914 2016637567 100255 17279
0b003601 0b000101 10001 100 79441 2016692606 90827 21182
0b002b01 0b000a01 10000 100 1625174 2014008575 2776301 150777
0b001b01 0b003601 10000 100 1136 2016717417 95346 14618
0b002b01 0b000f01 10000 100 6903 2016741077 87969 15099
0b000c01 0b002f01 10001 100 22034 2016757075 99325 16371
0b001601 0b002301 10000 100 1199816 2016239208 634260 115113
0b000c01 0b003a01 10000 100 64746 2016822297 91600 19949
0b001101 0b003c01 10000 100 121 2016841858 78959 14533
0b003f01 0b000601 10000 100 655463 2015348717 1586833 69476
0b001d01 0b003f01 10001 100 54666 2016915922 94484 19104
0b001b01 0b002501 10000 100 33654 2016932512 103565 17342
0b003e01 0b000f01 10000 100 55959 2016923856 115285 19211
0b002001 0b001701 10000 100 6647026 2007198606 9841764 571810
0b002b01 0b000901 10001 100 23480 2016940500 105503 16490
0b001f01 0b003b01 10000 100 772715 2015781812 1297122 79305
0b000001 0b003601 10000 100 67350 2016992204 89660 20169
0b000701 0b002c01 10001 100 3890 2017008677 77366 14846
0b001b01 0b003201 10001 100 1284020 2015546760 1547574 122176
0b002501 0b000f01 10000 100 33580 2016997454 120157 17336
0b001501 0b003001 10000 100 1887 2017059489 68108 14678
0b001c01 0b003001 10001 100 2114 2017077383 64317 14700
0b001b01 0b003701 10000 100 50249 2017063564 80940 18735
0b001701 0b003101 10002 100 58192 2017113324 94889 19401
0b000701 0b002101 10000 100 1394483 2015081111 2159951 131435
0b003e01 0b001f01 10000 100 15352 2017225886 89214 15809
0b003001 0b000c01 10000 100 6427 2017275016 79721 15061
0b000301 0b002a01 10000 100 2835 2017275612 82562 14758
0b003301 0b001f01 10000 100 19744566 2001803338 15559779 1669906
0b002201 0b001101 10000 100 70360 2017315085 94261 20421
0b001101 0b003001 10001 100 73831 2017443499 81295 20710
0b003701 0b000001 10000 100 67146 2017457058 73981 20152
0b001101 0b002801 10000 100 3543 2017493015 64465 14818
0b003a01 0b000201 10000 100 53046 2017468472 89719 18971
0b003101 0b000601 10000 100 4049178 2011527452 6051698 354006
0b001e01 0b003801 10000 100 28639 2017493227 94524 16922
0b000401 0b003c01 10000 100 9486 2017547723 60486 15317
0b003f01 0b000c01 10000 100 24095 2017606395 87793 16543
0b001b01 0b002101 10000 100 23874 2017660425 67127 16522
0b000501 0b002a01 10000 100 236426 2017572894 163484 34344
0b003601 0b000f01 10000 100 1827190 2014573207 3186007 167714
0b000d01 0b002801 10000 100 40317 2017691434 69430 17902
0b001f01 0b003101 10000 100 9313 2017706598 60284 15303
0b002001 0b001301 10000 100 1514241 2015380561 2412759 141476
0b001501 0b003e01 10001 100 1525766 2014396698 3409108 142441
0b000f01 0b002301 10000 100 2830576 2013898703 3944098 251837
0b002f01 0b001601 10000 100 6678 2017831183 50618 15081
0b003301 0b001601 10001 100 1850321 2015227219 2734984 169653
0b001101 0b002d01 10000 100 15010 2018025735 100556 15782
0b001b01 0b002201 10000 100 556191 2017895712 334506 61154
0b002901 0b000c01 10001 100 11216 2018153532 90653 15463
0b002601 0b000301 10000 100 7071 2018156999 89502 15116
0b000a01 0b002901 10000 100 63416 2018156862 101076 19839
0b000701 0b002801 10000 100 46230 2018172079 90088 18398
0b001d01 0b003301 10001 100 155 2018169755 93375 14536
0b003c01 0b000501 10001 100 628886 2016881042 1421200 67246
0b001201 0b002a01 10000 100 55884 2018212944 99744 19205
0b000401 0b002101 10000 100 42498 2018209391 122758 18084
0b002d01 0b000a01 10000 100 31489 2018240377 96188 17162
0b001501 0b003c01 10000 100 2403876 2015000389 3337005 216061
0b000e01 0b003101 10000 100 3355531 2013539723 4882830 295849
0b000201 0b002e01 10000 100 1634927 2015968115 2590669 151592
0b003501 0b001f01 10000 100 1995079 2015515488 3093347 181790
0b003601 0b001601 10001 100 4110019 2013452286 5204369 359107
0b003101 0b001401 10000 100 2521101 2015060851 3702391 225892
0b002401 0b000c01 10000 100 61489 2018675832 89342 19677
0b003101 0b001b01 10001 100 72919 2018709031 111365 20633
0b000e01 0b003201 10000 100 4543 2018777899 77294 14902
0b000a01 0b002801 10000 100 62540 2018753328 116233 19765
0b002901 0b000801 10000 100 2453941 2012090247 6829095 220258
0b003c01 0b001401 10000 100 10185164 2003419281 15508667 868447
0b003001 0b000401 10000 100 29073 2018852363 78546 16961
0b002701 0b000901 10000 100 4326056 2010652834 8279795 377220
0b000501 0b003901 10000 100 84951 2018906395 81185 21642
0b001101 0b003401 10000 100 2788 2018928385 66688 14754
0b000b01 0b002f01 10000 100 4316315 2014019648 4992649 376402
0b003d01 0b001501 10000 100 1003727 2016901997 2138320 98673
0b000801 0b002f01 10000 100 76910 2018946908 96859 20968
0b000a01 0b002101 10001 100 1881641 2016728348 2339612 172278
0b001c01 0b003701 10002 100 62720 2019031937 70072 19779
0b003201 0b000e01 10000 100 85973 2019061012 73805 21728
0b000301 0b002a01 10001 100 22195 2019080064 61992 16383
0b002001 0b000201 10000 100 4603 2019085349 60432 14907
0b002601 0b001c01 10000 100 6010961 2009735919 9458589 518479
0b003301 0b000901 10000 100 347077 2019041119 156672 43622
0b003401 0b000f01 10000 100 7273216 2005309479 13917108 624309
0b002601 0b000301 10001 100 68856 2019163693 75638 20293
0b001501 0b003a01 10000 100 3016 2019227643 62141 14776
0b001c01 0b003001 10002 100 2772 2019265723 75271 14753
0b001201 0b003b01 10000 100 9222202 2009190970 10150045 787712
0b002f01 0b000701 10001 100 3223 2019287999 74215 14793
0b003a01 0b000401 10000 100 52774 2019296780 83300 18945
0b002b01 0b001001 10000 100 184823 2019211911 178306 30016
0b000801 0b002701 10002 100 7662 2019327162 66431 15163
0b001201 0b002d01 10000 100 52393 2019331284 69427 18914
0b003c01 0b000401 10000 100 7260206 2006281143 13162773 623218
0b002b01 0b000901 10000 100 1300046 2016937667 2537598 123519
0b003601 0b000101 10000 100 2332944 2016152212 3351632 210114
0b000901 0b002301 10000 100 22427 2019448386 65167 16402
0b002a01 0b001d01 10001 100 3088501 2014334281 5287416 273461
0b002e01 0b001c01 10000 100 668241 2018214586 1450156 70548
0b001c01 0b002d01 10000 100 679 2019610767 56719 14578
0b000701 0b003901 10000 100 2129 2019643461 54966 14701
0b001601 0b002b01 10000 100 1508750 2018042856 1720330 141014
0b001f01 0b003901 10000 100 1177475 2019356731 450779 113241
0b001b01 0b003101 10000 100 4129305 2016171170 3690014 360723
0b000401 0b003301 10001 100 28043 2019859879 79003 16874
0b003701 0b001e01 10001 100 2610217 2016274810 3676419 233363
0b001d01 0b002b01 10001 100 1726184 2017563179 2411745 159246
0b000801 0b003f01 10000 100 2776380 2016509389 3471072 247294
0b000101 0b003001 10000 100 1117 2019931226 71069 14617
0b002d01 0b000601 10001 100 24944 2019981405 72037 16611
0b000401 0b002101 10001 100 466924 2018618651 1484806 53667
0b003701 0b001501 10000 100 52539 2020046353 73791 18926
0b003301 0b001101 10001 100 4295970 2013957136 6172279 374694
0b001b01 0b003301 10002 100 8371 2020079830 58034 15224
0b002401 0b000101 10000 100 1102 2020072797 68182 14615
0b002501 0b000101 10000 100 20874 2020085488 87279 16270
0b000801 0b002a01 10001 100 2030 2020110124 64368 14693
0b003401 0b001901 10000 100 51716 2020153160 87759 18856
0b003a01 0b001c01 10000 100 22602 2020199462 81217 16416
0b002b01 0b001901 10000 100 3649 2020255365 73435 14827
0b003301 0b001c01 10000 100 50589 2020274956 80311 18762
0b003001 0b001101 10001 100 17890 2020285175 76660 16020
0b000701 0b002201 10000 100 70200 2020266009 101385 20408
0b000d01 0b002501 10000 100 62697 2020280500 100343 19777
0b001f01 0b002301 10000 100 142078 2020331940 116253 26435
0b001d01 0b003101 10001 100 1412 2020398675 79617 14640
0b000d01 0b003d01 10000 100 24698 2020429575 81011 16591
0b003101 0b001101 10001 100 2592569 2013802365 6745677 231882
0b003201 0b001801 10001 100 46748 2020478853 94796 18440
0b003f01 0b000a01 10001 100 8669 2020516897 73981 15248
0b001501 0b003001 10001 100 193666 2020479009 163557 30758
0b002801 0b000a01 10000 100 40360 2020572731 74903 17906
0b002901 0b000301 10000 100 69644 2020577187 97510 20360
0b000c01 0b003801 10000 100 55195 2020653874 87526 19150
0b000101 0b003c01 10000 100 107131 2020651489 91984 23505
0b003901 0b000001 10000 100 46942 2020671498 90523 18455
0b003601 0b000201 10001 100 2924981 2016273685 4534393 259750
0b003a01 0b001701 10000 100 1294530 2020108616 700911 123055
0b002b01 0b000f01 10001 100 23144 2020751869 100666 16463
0b000201 0b003c01 10001 100 6930408 2011450711 9415963 595567
0b002701 0b001001 10000 100 848995 2019161781 1772042 85699
0b000d01 0b003701 10000 100 10590 2020905400 113639 15409
0b002801 0b001201 10000 100 32205 2020934699 90245 17223
0b000401 0b003201 10001 100 45023 2020933297 120554 18298
0b001101 0b002401 10000 100 45835 2020987854 116836 18363
0b002d01 0b000601 10002 100 5070 2021106826 89237 14948
0b001001 0b003601 10000 100 35890 2021130356 89657 17529
0b001001 0b003001 10001 100 289712 2020909166 321593 38810
0b001701 0b003501 10001 100 1690048 2018838452 2404028 156217
0b002301 0b000201 10000 100 172146 2021129602 118385 28956
0b000e01 0b002201 10000 100 28178 2021160188 91684 16885
0b003801 0b001e01 10000 100 3703619 2015560167 5700640 325032
0b003601 0b000c01 10000 100 13609 2021123155 145848 15662
0b001d01 0b002301 10000 100 45496 2021162012 121007 18336
0b001c01 0b003b01 10001 100 21118 2021254578 67678 16293
0b000a01 0b003f01 10000 100 1748988 2018999701 2333811 161155
0b002801 0b000601 10000 100 76843 2021343723 86293 20963
0b002301 0b000001 10000 100 2044626 2019519788 1912657 185942
0b000f01 0b002401 10000 100 452494 2021153873 281741 52459
0b000601 0b002501 10000 100 27326 2021365364 75708 16813
0b001e01 0b003501 10001 100 430731 2020315495 1177148 50633
0b000101 0b002e01 10000 100 792 2021461613 51145 14587
0b001701 0b003801 10000 100 508293 2020342679 1192842 57138
0b001b01 0b003301 10003 100 591 2021506103 48818 14571
0b000a01 0b002701 10000 100 97427 2021514148 61859 22690
0b001e01 0b002701 10000 100 7022137 2015252515 6333385 603259
0b002f01 0b000d01 10001 100 1882 2021493140 114218 14678
0b001801 0b003401 10000 100 857223 2020919123 691245 86392
0b003201 0b001501 10001 100 42673 2021581822 73702 18098
0b003501 0b001b01 10000 100 73008 2021622043 76911 20644
0b003001 0b000201 10000 100 187342 2021583032 123779 30229
0b002f01 0b000a01 10000 100 153409 2021663413 77444 27384
0b003f01 0b000e01 10000 100 2337 2021700211 64352 14718
0b002601 0b000d01 10001 100 1394372 2019436970 2363980 131426
0b003e01 0b001701 10000 100 1971725 2019165228 2654599 179830
0b003501 0b001a01 10000 100 1285317 2019820200 2015950 122283
0b001601 0b003c01 10001 100 978763 2021181283 737707 96580
0b003a01 0b001701 10001 100 3135 2021859451 85756 14786
0b000801 0b002401 10000 100 5083954 2014367318 7612873 440758
0b000301 0b002301 10000 100 92027 2021903462 90534 22239
0b003801 0b000501 10001 100 188907 2021843129 161471 30358
0b002b01 0b000701 10000 100 4399 2021975207 70767 14891
0b000001 0b002501 10000 100 49118 2021968905 83218 18641
0b002001 0b000d01 10000 100 4162421 2015966485 6095978 363499
0b001b01 0b002401 10000 100 52957 2021992658 88133 18960
0b002d01 0b000701 10000 100 1686627 2019835693 2257043 155928
0b003b01 0b001101 10000 100 45947 2022041076 71239 18372
0b003501 0b000c01 10000 100 1704415 2019950596 2214482 157420
0b001101 0b003f01 10001 100 1712 2022131481 94013 14664
0b000f01 0b002501 10000 100 86916 2022136843 97572 21807
0b003401 0b001501 10001 100 112361 2022157815 112192 23942
0b003501 0b000601 10002 100 3168 2022197046 73472 14788
0b000601 0b003b01 10001 100 52206 2022193043 100567 18900
0b003901 0b001701 10000 100 24747 2022189947 103944 16595
0b001601 0b003901 10000 100 22844 2022229251 88473 16435
0b003e01 0b001301 10000 100 26109 2022249208 87661 16712
0b000301 0b002e01 10000 100 134738 2022285924 83676 25817
0b001e01 0b002401 10000 100 33306 2022333828 61803 17315
0b003201 0b001f01 10000 100 2293815 2020234972 2164775 206834
0b002f01 0b000201 10000 100 4133768 2016017671 6418013 361096
0b003201 0b001c01 10000 100 9298 2022468637 81551 15302
0b003e01 0b000d01 10000 100 6237 2022472986 78682 15045
0b003001 0b000e01 10001 100 69923 2022512970 78064 20382
0b000001 0b002a01 10000 100 4613 2022560327 69193 14908
0b003701 0b000401 10000 100 569156 2021303146 1358609 62241
0b002e01 0b000901 10001 100 34734 2022589523 76995 17433
0b002801 0b001801 10000 100 11411 2022594584 75819 15478
0b003f01 0b001f01 10001 100 3768 2022617686 83608 14836
0b003201 0b000301 10000 100 20790 2022670252 63018 16263
0b002b01 0b001701 10000 100 3332661 2018234114 4503076 293931
0b002f01 0b001601 10001 100 78860 2022716208 71177 21132
0b002401 0b001d01 10000 100 86 2022750595 62134 14530
0b003f01 0b000001 10001 100 2426 2022763901 93598 14725
0b001001 0b003601 10001 100 3719 2022807060 71681 14832
0b002501 0b001e01 10000 100 26499 2022799480 97180 16743
0b001f01 0b003301 10000 100 58584 2022827184 86365 19433
0b000401 0b002f01 10000 100 31384 2022849386 70264 17153
0b002901 0b000701 10001 100 136540 2022819591 112192 25969
0b002501 0b001c01 10000 100 21448 2022852729 109030 16320
0b000101 0b002401 10000 100 6156 2023033749 60792 15039
0b000601 0b003401 10000 100 308338 2022936373 177165 40373
0b002c01 0b000701 10001 100 8954908 2008815253 14319303 765299
0b001601 0b003a01 10002 100 7072 2023032161 106527 15116
0b000d01 0b002c01 10000 100 54738 2023127828 85412 19110
0b002d01 0b000e01 10000 100 272792 2023062110 161931 37391
0b001801 0b003a01 10000 100 21448 2023141843 105791 16320
0b000701 0b003301 10000 100 1567405 2020615142 2657981 145933
0b003901 0b000801 10000 100 2320447 2018316130 4965995 209068
0b002a01 0b001e01 10001 100 1348515 2021314718 1976807 127581
0b001901 0b002101 10001 100 943566 2021721839 1679596 93630
0b003a01 0b000301 10000 100 9093 2023356195 78040 15285
0b002701 0b001101 10000 100 5865 2023343086 93983 15012
0b001101 0b002001 10000 100 1473466 2021050306 2440977 138057
0b002701 0b000101 10000 100 6548944 2012762632 10736828 563583
0b002001 0b000101 10000 100 5473356 2016015416 7508572 473408
0b002201 0b000901 10001 100 4772180 2018307951 5220928 414622
0b001c01 0b003d01 10000 100 29749 2023527647 77201 17015
0b002e01 0b000001 10000 100 5492 2023570555 59829 14982
0b002501 0b001d01 10001 100 3256231 2019142119 4496867 287525
0b002901 0b000001 10001 100 9118 2023581786 59637 15287
0b003b01 0b001601 10001 100 29512 2023620740 63833 16996
0b000d01 0b002e01 10000 100 1343693 2022095053 1741923 127176
0b000501 0b003001 10000 100 1042143 2021793326 2050700 101896
0b002701 0b000901 10001 100 5914207 2017315863 6567917 510370
0b002801 0b001e01 10000 100 67996 2023852513 71928 20220
0b000b01 0b002601 10000 100 39574 2023857062 73542 17839
0b000801 0b002401 10001 100 11231 2023930550 69674 15464
0b002501 0b000f01 10001 100 30818 2023915737 87679 17104
0b001d01 0b003f01 10000 100 6635588 2015181006 8885983 570849
0b000401 0b002801 10000 100 5599037 2017948491 6141572 483946
0b000601 0b003501 10000 100 1708300 2021778282 2446256 157746
0b002001 0b001d01 10000 100 20294 2024152568 81401 16224
0b003301 0b001301 10000 100 2341 2024259983 82212 14718
0b000a01 0b002a01 10000 100 115534 2024255770 115436 24208
0b001101 0b003801 10001 100 70363 2024317519 84722 20421
0b001901 0b003a01 10000 100 17135 2024402060 77202 15959
0b001501 0b002301 10000 100 7732209 2014335324 10191708 662791
0b002a01 0b001c01 10000 100 36736 2024458445 89249 17600
0b000001 0b002e01 10000 100 6555 2024469536 85130 15071
0b000101 0b003d01 10001 100 39929 2024504048 90091 17867
0b003201 0b001001 10000 100 30755 2024509275 89461 17099
0b001901 0b003b01 10000 100 232 2024630387 66479 14542
0b003d01 0b001b01 10000 100 1768784 2022542173 2175483 162815
0b001b01 0b003701 10001 100 178802 2024666192 93422 29511
0b000301 0b002301 10001 100 48140 2024716698 76463 18559
0b003901 0b000101 10000 100 44515 2024710493 89537 18254
0b000501 0b002a01 10001 100 79477 2024731635 77089 21185
0b001701 0b003301 10000 100 1402254 2022195389 2648242 132087
0b003601 0b000001 10000 100 1352155 2024249184 645662 127887
0b001e01 0b002701 10001 100 3935 2024876980 82176 14850
0b002a01 0b001801 10000 100 117401 2024958922 98572 24365
0b000e01 0b003a01 10000 100 54822 2024964166 93925 19116
0b001b01 0b002601 10001 100 543 2024980026 88847 14567
0b000601 0b002301 10000 100 1114031 2022950262 2191713 107924
0b002501 0b001401 10000 100 3104 2025056398 91510 14783
0b002801 0b001501 10000 100 58188 2025058093 98006 19401
0b000e01 0b002d01 10001 100 4141 2025074312 89733 14870
0b001401 0b002e01 10000 100 135 2025103990 85511 14534
0b000001 0b003601 10001 100 4061 2025109378 85424 14864
0b002701 0b001c01 10000 100 77068 2025151052 93368 20984
0b003601 0b000401 10000 100 947507 2022113368 3172741 93960
0b002d01 0b001b01 10000 100 1312354 2022660684 2630987 124550
0b002a01 0b000501 10000 100 65714 2025211896 96065 20030
0b002f01 0b000d01 10002 100 23983 2025223417 90477 16530
0b002f01 0b000d01 10003 100 70896 2025240447 91242 20464
0b003701 0b001301 10001 100 854510 2023799223 1538836 86164
0b002b01 0b001b01 10000 100 63340 2025274157 88370 19832
0b003d01 0b001201 10000 100 1183272 2023398262 1970797 113728
0b001301 0b002301 10001 100 1312332 2023169328 2228020 124548
0b003201 0b001b01 10000 100 7744006 2014033716 11391172 663781
0b001501 0b003101 10000 100 9189 2025382447 57304 15293
0b000f01 0b003301 10001 100 46273 2025405431 56761 18402
0b002201 0b001d01 10000 100 3585001 2021806075 3790022 315090
0b000901 0b002501 10000 100 331259 2024397701 1245084 42295
0b003301 0b000e01 10000 100 76716 2025575272 84726 20952
0b000401 0b002001 10000 100 97012 2025642845 95661 22657
0b000901 0b003101 10000 100 4487 2025717908 62844 14898
0b001b01 0b003301 10001 100 4844709 2020075300 5722935 420701
0b001501 0b003301 10000 100 26798 2025801047 78600 16767
0b000a01 0b002901 10001 100 6031 2025870219 75417 15029
0b000201 0b002601 10000 100 165424 2025850418 104075 28391
0b001801 0b002e01 10000 100 85864 2025895327 86183 21719
0b001c01 0b002601 10001 100 23346 2025969442 85743 16479
0b003701 0b000a01 10002 100 5521813 2019826960 6331221 477469
0b003501 0b001701 10001 100 423658 2025951781 221373 50040
0b003301 0b000001 10001 100 4077810 2021784923 4425228 356404
0b002b01 0b000501 10001 100 1546059 2023832516 2387942 144145
0b001101 0b003f01 10000 100 3511487 2020722264 5547678 308925
0b001301 0b002001 10000 100 2318431 2020708039 5572801 208899
0b003c01 0b000b01 10000 100 6490 2026318089 87253 15066
0b002601 0b000001 10000 100 61706 2026317280 90344 19694
0b002b01 0b001101 10000 100 181177 2026310051 99198 29713
0b003a01 0b001301 10001 100 2973820 2022129610 4401580 263845
0b003b01 0b001c01 10000 100 1659996 2024547888 2017609 153694
0b001a01 0b002c01 10000 100 4282 2026500820 65757 14881
0b000f01 0b002b01 10000 100 34619 2026500696 75146 17423
0b002f01 0b000d01 10004 100 48678 2026534703 79168 18602
0b001301 0b003d01 10001 100 76431 2026539050 108682 20930
0b001901 0b002f01 10001 100 1877912 2020865864 5790138 171964
0b000001 0b002d01 10000 100 15717 2026590472 80225 15838
0b002901 0b001e01 10001 100 926051 2025881599 795577 92163
0b003f01 0b000001 10002 100 11827 2026597379 79914 15512
0b002f01 0b001301 10000 100 8440 2026677206 77002 15229
0b003001 0b001201 10002 100 2030 2026684728 75755 14693
0b000401 0b002d01 10001 100 3960 2026709905 77500 14852
0b001e01 0b003901 10000 100 12550 2026717956 79204 15573
0b003b01 0b000001 10001 100 68012 2026733096 88381 20225
0b000101 0b003901 10000 100 51991 2026864805 79838 18878
0b003f01 0b000401 10001 100 20767 2026908993 69961 16262
0b003c01 0b000401 10001 100 5887 2026930691 65067 15014
0b003d01 0b000501 10000 100 27603 2026936131 79187 16835
0b002001 0b001a01 10001 100 35108 2026966751 68609 17466
0b003301 0b000501 10000 100 2107 2027056932 69299 14700
0b002201 0b000801 10000 100 76614 2027051430 78551 20944
0b000601 0b002101 10001 100 4832 2027153005 63432 14925
0b003201 0b000101 10000 100 262557 2027153804 159911 36534
0b001001 0b003101 10000 100 63762 2027263737 67216 19866
0b000501 0b003a01 10000 100 181746 2027270430 81036 29758
0b001701 0b002501 10000 100 53943 2027329815 68541 19042
0b002a01 0b001201 10000 100 155349 2027327021 91360 27546
0b000401 0b003401 10001 100 37894 2027376352 76357 17697
0b000601 0b002001 10001 100 179627 2027394654 97555 29581
0b003801 0b001c01 10000 100 17551 2027465075 70401 15993
0b000b01 0b002901 10000 100 10862671 2012045677 15494618 925247
0b003101 0b000201 10000 100 22962 2027477060 66761 16445
0b001601 0b003001 10001 100 1253697 2025567482 1981372 119631
0b003101 0b000c01 10000 100 1891208 2024898030 2694198 173081
0b003e01 0b001b01 10000 100 71103 2027525166 79278 20484
0b002301 0b000f01 10001 100 6930 2027663970 67160 15101
0b001b01 0b002d01 10000 100 32495 2027682083 66770 17246
0b002401 0b001e01 10002 100 142492 2027660474 94004 26468
0b003101 0b000401 10000 100 2992635 2024003884 3820709 265423
0b001601 0b002301 10001 100 2573562 2024425876 3512752 230289
0b002001 0b000501 10000 100 492152 2027735317 217011 55785
0b001001 0b003301 10000 100 34662 2027891518 78238 17427
0b000c01 0b003601 10002 100 76838 2027896961 95821 20962
0b003901 0b001c01 10002 100 48366 2027918629 82928 18577
0b001201 0b002601 10000 100 4545699 2021783276 6262042 395632
0b002901 0b000f01 10001 100 6279 2028007211 55290 15049
0b003901 0b000b01 10001 100 1527671 2027523809 601705 142601
0b002601 0b001601 10000 100 8445 2028076630 66363 15230
0b001b01 0b002401 10001 100 3266648 2024100199 4053338 288397
0b001601 0b002801 10000 100 102405 2028082115 96166 23107
0b003c01 0b001c01 10000 100 689479 2026082198 2103977 72327
0b000c01 0b003101 10000 100 50307 2028109156 90353 18740
0b002701 0b001201 10001 100 1585448 2026517791 1735140 147446
0b001601 0b003a01 10001 100 7558241 2018008877 10250778 648205
0b000701 0b003b01 10000 100 850473 2026222018 2054231 85825
0b000801 0b002301 10000 100 57212 2028210485 91243 19319
0b003d01 0b000201 10000 100 140861 2028195482 117696 26330
0b001e01 0b003101 10000 100 26754 2028250066 85854 16764
0b001001 0b003d01 10000 100 168374 2028262016 104928 28638
0b002001 0b000d01 10001 100 1243046 2026537321 1880216 118740
0b000401 0b003b01 10001 100 166828 2028363688 82496 28507
0b003401 0b001201 10000 100 8611896 2014534642 13913438 736541
0b003601 0b001101 10001 100 4213 2028381640 86540 14876
0b002501 0b000101 10001 100 29780 2028375400 98089 17017
0b003301 0b001e01 10000 100 9000 2028451115 85584 15274
0b003101 0b001001 10000 100 61496 2028531264 88769 19677
0b003c01 0b000201 10000 100 8403 2028552084 78157 15226
0b002f01 0b000701 10002 100 23594 2028600474 64508 16499
0b000001 0b003501 10001 100 61399 2028650059 86014 19670
0b001a01 0b003401 10000 100 5518237 2020701862 8047178 477171
0b000101 0b003601 10001 100 48817 2028669829 84047 18613
0b003901 0b000d01 10000 100 417803 2028553068 206287 49549
0b003001 0b000b01 10000 100 71317 2028708293 87403 20501
0b001501 0b003701 10001 100 51120 2028761437 70113 18809
0b000c01 0b002501 10000 100 6654 2028779059 53856 15079
0b000301 0b002d01 10000 100 1497 2028790274 63080 14647
0b001201 0b003101 10000 100 5530 2028870025 69454 14985
0b001601 0b003801 10001 100 32378 2028878838 70552 17236
0b000901 0b002a01 10001 100 10412969 2013820171 15148238 887543
0b003301 0b001801 10000 100 20750 2028896107 96697 16260
0b002e01 0b000001 10001 100 111202 2028876814 154875 23846
0b003601 0b000b01 10000 100 2696 2028943525 100240 14747
0b001901 0b003001 10000 100 27840625 2002670961 26377817 2348679
0b000f01 0b003001 10000 100 382270 2027868811 1193727 46572
0b001f01 0b002e01 10000 100 266803 2028858451 225591 36889
0b003201 0b001101 10000 100 1358658 2025191332 3894228 128431
0b001301 0b003b01 10000 100 1726279 2026603414 2500222 159254
0b003701 0b000101 10000 100 4327 2029069905 78869 14885
0b001e01 0b002f01 10000 100 41145 2029065177 90598 17972
0b000901 0b002f01 10000 100 1499249 2026097285 3104041 140219
0b003f01 0b000001 10000 100 5421689 2022620831 6589707 469075
0b002701 0b000601 10000 100 20879 2029145976 78418 16270
0b000001 0b002301 10000 100 93399 2029162082 99201 22352
0b003b01 0b000801 10000 100 1023 2029227193 64075 14609
0b001a01 0b002a01 10000 100 15835 2029243565 83274 15848
0b001301 0b003101 10000 100 1809 2029283380 84682 14672
0b000101 0b002301 10000 100 1006729 2028241770 1150931 98925
0b002501 0b001d01 10002 100 913276 2028946004 453618 91091
0b002d01 0b001001 10000 100 8959909 2016574498 12854076 765719
0b003901 0b001301 10000 100 65055 2029384823 81106 19977
0b003e01 0b000801 10001 100 178241 2029422331 106975 29466
0b003001 0b000201 10001 100 4107 2029540671 87339 14867
0b001701 0b003801 10001 100 28285 2029609610 66673 16894
0b001101 0b003201 10000 100 3146349 2025494312 4191978 278312
0b003c01 0b000e01 10001 100 77566 2029626456 97811 21024
0b001601 0b003f01 10000 100 27002 2029658718 75516 16787
0b000201 0b002801 10000 100 2137065 2026264030 3508807 193695
0b003a01 0b000c01 10000 100 4543823 2023399160 6380092 395474
0b002801 0b000701 10000 100 1894 2029706945 79458 14679
0b000f01 0b003a01 10000 100 72024 2029720547 94551 20562
0b002001 0b001b01 10000 100 74389 2029736520 86678 20759
0b001501 0b002401 10000 100 77710 2029731737 92857 21036
0b002e01 0b000c01 10000 100 3825071 2024911974 4914668 335217
0b001601 0b002a01 10000 100 9757809 2014689762 15139647 832615
0b003001 0b000101 10000 100 1409 2029785921 67012 14640
0b003901 0b001301 10001 100 20694 2029807689 64703 16256
0b002b01 0b000101 10000 100 154238 2029807809 86638 27454
0b001101 0b003f01 10002 100 29957 2029833458 78419 17031
0b003301 0b001701 10000 100 2090397 2026846761 3140754 189781
0b001801 0b003d01 10000 100 160685 2029880159 119540 27993
0b003601 0b001701 10001 100 3865987 2025887013 4122459 338644
0b003801 0b000301 10001 100 41316 2030060166 84724 17986
0b001e01 0b003001 10000 100 51083 2030076855 72880 18806
0b001e01 0b003601 10000 100 47357 2030098392 87374 18492
0b000001 0b002101 10000 100 4438 2030154083 67872 14894
0b001301 0b003101 10001 100 17239 2030169830 56544 15968
0b002001 0b000f01 10000 100 7472 2030150389 86623 15148
0b001601 0b002501 10000 100 4910976 2023834991 6409323 426256
0b003001 0b000701 10000 100 291046 2030040118 225128 38924
0b003f01 0b001501 10000 100 53951 2030241578 89157 19043
0b002f01 0b000f01 10001 100 15438 2030256153 78190 15816
0b003301 0b000f01 10000 100 62680 2030246770 92327 19776
0b001701 0b003d01 10000 100 399018 2029109210 1268935 47977
0b001501 0b002a01 10000 100 14407 2030313309 71156 15730
0b001101 0b003601 10000 100 11522127 2011966849 18431684 980538
0b003f01 0b000001 10003 100 5469 2030362540 67550 14980
0b001601 0b003501 10000 100 3731 2030379777 70833 14833
0b003401 0b000701 10000 100 132616 2030416177 84460 25640
0b001401 0b002101 10002 100 5725 2030455685 85753 15001
0b000301 0b003801 10001 100 23031 2030486756 83197 16454
0b001a01 0b003f01 10000 100 49574 2030495231 92216 18677
0b003801 0b000301 10002 100 145939 2030549263 89852 26755
0b001601 0b002701 10000 100 112338 2030539539 105079 23940
0b003801 0b001401 10000 100 599749 2029487361 1183993 64803
0b001b01 0b002001 10000 100 21535 2030628684 87661 16327
0b001401 0b003501 10000 100 1655722 2028345589 2374260 153336
0b002d01 0b000701 10001 100 10133 2030724463 69717 15372
0b001401 0b002301 10000 100 28266 2030717826 80919 16892
0b003b01 0b000e01 10000 100 4031 2030779247 71742 14861
0b001301 0b002e01 10000 100 4842217 2023292204 7565921 420494
0b002e01 0b000701 10000 100 987590 2029173864 1687703 97321
0b000201 0b003101 10000 100 40074 2030805897 78981 17883
0b001701 0b003c01 10000 100 46609 2030828983 77291 18429
0b002a01 0b001f01 10002 100 1001 2030870131 69110 14607
0b000c01 0b002b01 10000 100 4391 2030868422 73455 14890
0b000601 0b003f01 10000 100 12385 2030899745 83251 15560
0b000a01 0b003b01 10001 100 28463 2030938087 94085 16908
0b003401 0b001001 10000 100 8455950 2020881925 10210800 723467
0b003501 0b001201 10000 100 74786 2031002152 102921 20790
0b000201 0b003d01 10000 100 57025 2031007856 105479 19304
0b000201 0b003c01 10002 100 67388 2031017831 99930 20172
0b001b01 0b002101 10001 100 55109 2031032435 94992 19143
0b001901 0b002101 10002 100 157838 2031040131 103013 27753
0b000901 0b003801 10000 100 3725060 2021591223 9557270 326832
0b001f01 0b003301 10001 100 68820 2031063882 92115 20290
0b000f01 0b002d01 10000 100 3270 2031141561 71071 14796
0b000201 0b003701 10000 100 133798 2031136383 96747 25738
0b000901 0b002701 10000 100 75084 2031170115 86643 20818
0b000501 0b002b01 10000 100 4819004 2022413024 8845423 418549
0b003c01 0b000e01 10000 100 13653409 2009448880 21810801 1159224
0b000701 0b003301 10001 100 13001 2031220326 85035 15613
0b003701 0b000001 10001 100 1458991 2029758125 1570096 136841
0b000f01 0b002901 10000 100 28213 2031249401 85805 16888
0b003901 0b000901 10000 100 59557 2031265707 88322 19514
0b002401 0b000a01 10000 100 19460 2031283075 86386 16153
0b001f01 0b002001 10000 100 64276 2031301247 75695 19911
0b002301 0b000f01 10000 100 3814767 2026589106 4793042 334350
0b001801 0b002c01 10001 100 28624 2031319555 75423 16921
0b002701 0b001501 10000 100 22850 2031434484 83484 16436
0b001301 0b002901 10000 100 9744 2031440648 92060 15337
0b001b01 0b003701 10002 100 1165 2031452864 90196 14620
0b000101 0b003b01 10000 100 3629 2031490527 90709 14825
0b002e01 0b001801 10000 100 57889 2031522174 91419 19373
0b001501 0b002301 10001 100 46353 2031516875 97220 18408
0b003501 0b000b01 10000 100 6767524 2023335161 8311594 581911
0b002001 0b001001 10001 100 340545 2031462690 201386 43073
0b003c01 0b001b01 10000 100 4229 2031588155 76911 14877
0b000701 0b002b01 10001 100 2826067 2027670957 4048227 251461
0b000d01 0b002201 10000 100 6201 2031706509 82165 15042
0b000e01 0b003501 10000 100 3044 2031714540 75833 14778
0b000301 0b003101 10000 100 5109 2031753471 79317 14951
0b000301 0b002401 10000 100 788358 2030623776 1210605 80618
0b003201 0b000f01 10000 100 1122383 2031225521 614682 108622
0b000f01 0b003101 10000 100 15201 2031774094 70411 15797
0b000801 0b002b01 10001 100 19964 2031808163 71141 16193
0b001701 0b002001 10000 100 41690 2031833023 84165 18016
0b003c01 0b001601 10001 100 9225 2031878272 81024 15296
0b003a01 0b000101 10000 100 27477 2031872396 92709 16825
0b002501 0b001f01 10000 100 36228 2031906082 85354 17560
0b000901 0b002c01 10000 100 35090 2031997098 127408 17465
0b000201 0b002e01 10001 100 8896451 2018254605 13873617 760400
0b003401 0b000601 10001 100 2085 2032053192 84522 14698
0b002401 0b001b01 10000 100 2110 2032072201 72920 14700
0b001801 0b002a01 10000 100 18440 2032034754 116206 16068
0b000701 0b003d01 10002 100 1726704 2029658407 2504183 159288
0b003801 0b001101 10000 100 729986 2031083531 1097467 75722
0b003e01 0b000701 10001 100 1481438 2029011424 3191605 138725
0b002801 0b001d01 10000 100 3544101 2028457717 3781918 311660
0b003c01 0b000801 10000 100 7943 2032184553 103969 15186
0b003b01 0b001001 10000 100 26657 2032220247 101182 16756
0b000601 0b002d01 10001 100 50005 2032221706 100126 18716
0b002601 0b001501 10000 100 1979316 2029360649 2976907 180468
0b001b01 0b003901 10000 100 23823 2032344944 92545 16518
0b001401 0b002401 10000 100 45914 2032345206 111499 18369
0b003801 0b001201 10002 100 31819 2032359704 101962 17188
0b003e01 0b001101 10000 100 88972 2032413576 118303 21979
0b001201 0b002101 10000 100 341657 2031525108 1120669 43165
0b001401 0b003601 10001 100 1701691 2030051233 2620710 157190
0b001601 0b002601 10000 100 233276 2032498589 251297 34080
0b001001 0b002b01 10000 100 8938 2032652691 97312 15269
0b003e01 0b001301 10001 100 71618 2032675976 80968 20525
0b001801 0b003b01 10000 100 6766712 2020532530 12290878 581842
0b003001 0b000601 10000 100 7979 2032747694 87997 15189
0b001f01 0b003d01 10000 100 2416815 2028883125 3955431 217146
0b000701 0b003d01 10003 100 1475875 2030252851 2636067 138257
0b003301 0b001301 10001 100 738806 2032493827 428005 76462
0b000201 0b002701 10000 100 4699 2032916002 73081 14915
0b003101 0b000001 10000 100 1919786 2030549295 2441066 175475
0b000701 0b002501 10000 100 9321021 2016864444 16207587 795998
0b003601 0b001701 10002 100 1117864 2030930129 2200442 108242
0b001201 0b002001 10000 100 710533 2031807563 1388459 74092
0b001701 0b003801 10002 100 995007 2031101609 2095868 97945
0b002901 0b001601 10000 100 2388200 2029063845 4251191 214749
0b000d01 0b002a01 10000 100 1865563 2028990357 4414361 170930
0b002001 0b001401 10000 100 1475299 2030907195 2594128 138211
0b002f01 0b001701 10000 100 343670 2032347380 1187905 43334
0b000d01 0b002801 10001 100 1775589 2030444967 3113549 163386
0b003a01 0b000901 10000 100 553481 2032195929 1448318 60925
0b000101 0b003301 10000 100 6247856 2024103766 9752631 538340
0b002801 0b001e01 10001 100 668135 2032346147 1514521 70539
0b003901 0b000f01 10000 100 5764488 2026229702 7634106 497816
0b001b01 0b003e01 10000 100 3908309 2025422256 8447471 342195
0b003201 0b001301 10002 100 6179157 2025828880 8045163 532583
0b000401 0b002b01 10001 100 448325 2032701664 1250626 52110
0b001601 0b003201 10000 100 484145 2031672905 2430496 55114
0b001801 0b003601 10002 100 2051411 2030405132 3715413 186512
0b002f01 0b000001 10001 100 1284069 2032409697 2169240 122179
0b002e01 0b001c01 10001 100 2789436 2031376234 3229069 248388
0b002301 0b001101 10000 100 1645285 2031961926 2715785 152463
0b001701 0b003301 10001 100 993652 2032707577 2013337 97829
0b003801 0b001501 10001 100 1473286 2032080012 2666755 138043
0b001c01 0b003b01 10000 100 14549299 2011532308 23215235 1234335
0b002701 0b000f01 10000 100 5551883 2027075379 7808538 479990
0b000601 0b002b01 10000 100 1344962 2032484664 2581032 127281
0b000501 0b003501 10000 100 4803174 2028273224 6814364 417221
0b002a01 0b001f01 10001 100 4700954 2030230056 5090706 408648
0b000201 0b003401 10000 100 4985142 2028270920 7208891 432477
0b002001 0b000701 10000 100 2319183 2032089185 3394072 208963
0b003e01 0b001401 10001 100 4392781 2029937821 5744473 382811
0b000301 0b003101 10001 100 1347258 2031972350 3858921 127476
0b000001 0b003501 10002 100 602691 2031644250 4195968 65050
0b003e01 0b001801 10000 100 11518632 2021657311 14211760 980243
0b001a01 0b003b01 10000 100 1765724 2032957856 2938366 162559
0b002101 0b000401 10001 100 3650608 2029916806 6084681 320588
0b000c01 0b002101 10000 100 14402979 2011414703 24629456 1222065
0b001f01 0b003e01 10003 100 6952022 2024476171 11711373 597381
0b003c01 0b001301 10000 100 4268774 2031425719 4797826 372414
0b001001 0b003701 10000 100 4038887 2026538154 9711077 353140
0b000a01 0b003601 10000 100 23270971 2006680278 29921872 1965558
0b000601 0b002001 10000 100 4951110 2026529170 10141276 429624
0b000f01 0b002f01 10000 100 3732229 2030982068 5859334 327433
0b002f01 0b001e01 10000 100 4568903 2030990180 6001994 397577
0b000e01 0b003301 10000 100 4366651 2031403789 6199394 380621
0b001701 0b003201 10000 100 4590736 2030660468 7016132 399408
0b000201 0b003f01 10000 100 4361720 2030567551 7446184 380207
0b001c01 0b003001 10003 100 4348051 2032277038 5840520 379064
0b000f01 0b002801 10000 100 9693342 2023344943 14874093 827212
0b002901 0b000001 10002 100 5521754 2032313384 5906560 477464
0b002e01 0b000501 10001 100 8556393 2028438293 9870129 731890
0b000501 0b002001 10001 100 8780613 2022574409 15749643 750688
0b002d01 0b001f01 10000 100 9769754 2023907112 14881495 833617
0b003e01 0b000601 10000 100 8790392 2026927736 12032217 751508
0b000901 0b003b01 10000 100 7175058 2028389171 10672765 616080
0b002901 0b001501 10000 100 8216581 2029770645 9345281 703399
0b002a01 0b001f01 10003 100 7097826 2030962628 8239282 609602
0b001a01 0b003a01 10000 100 6284586 2032081611 7212033 541421
0b001601 0b003701 10001 100 5267700 2032325601 7188970 456165
0b002601 0b000001 10001 100 8986338 2028270414 11327431 767937
0b000d01 0b003701 10001 100 7285703 2030916951 9153847 625354
0b000801 0b002c01 10000 100 9076954 2029538420 10730241 775532
0b001301 0b002301 10002 100 8828101 2028413795 12224269 754671
0b001801 0b002101 10000 100 8117155 2032301239 8348476 695065
0b001601 0b003901 10001 100 7067183 2029577853 11107024 607035
0b003701 0b000701 10001 100 15187373 2021092336 19593614 1287831
0b000701 0b003d01 10000 100 9875500 2027865751 13018702 842483
0b002a01 0b001101 10000 100 13156747 2022670731 18346195 1117582
0b000901 0b002d01 10000 100 8924981 2031976525 9139442 762790
0b000801 0b003e01 10000 100 13376736 2021384222 19757691 1136026
0b000901 0b002501 10001 100 8756986 2031871182 9272732 748705
0b001401 0b003901 10000 100 9961359 2029365777 11848731 849682
0b003501 0b001d01 10000 100 12729226 2029916411 11897939 1081741
0b000601 0b003801 10000 100 10329334 2030897431 11096508 880533
0b003901 0b000701 10000 100 22155338 2006340409 35681605 1872026
0b001501 0b003f01 10000 100 17199708 2019254899 22775187 1456544
0b000401 0b003201 10000 100 18423763 2015128966 27266656 1559169
0b003301 0b001101 10000 100 27928912 2003774503 38882352 2356080
0b002f01 0b000001 10000 100 28501396 2002630798 40278022 2404079
0b003d01 0b000601 10001 100 21450895 2008604861 34319534 1812963
0b001801 0b003601 10001 100 19084818 2026628736 16385055 1614591
0b003901 0b000b01 10000 100 22986927 2020097852 23813330 1941744
0b000001 0b003a01 10000 100 17419292 2024674966 19349778 1474956
0b003701 0b000301 10001 100 21585038 2031898754 12405369 1824213
0b001501 0b002501 10000 100 17514025 2020729954 23576912 1482899
0b002b01 0b000e01 10000 100 22963619 2012516978 32536181 1939791
0b002a01 0b000601 10000 100 28658291 2032775739 12600662 2417233
0b000701 0b003d01 10001 100 24029119 2028666580 17739277 2029124
0b000b01 0b003a01 10000 100 28706028 2011311711 35582089 2421237
0b002a01 0b001401 10000 100 29904656 2020790449 26559159 2521727
0b000e01 0b003001 10000 100 4862 2099254676 15015 14928
0b000501 0b003f01 10001 100 6975 2099340489 15350 15104
0b001501 0b003501 10000 100 911 2099454038 14638 14596
0b001d01 0b003401 10000 100 9039 2099527430 16435 15281
0b002d01 0b000601 10003 100 1235789 2099292331 275083 118129
0b000b01 0b003e01 10000 100 499226 2099498650 74130 56378
0b001501 0b003f01 10001 100 175518 2099703819 54415 29237
0b002501 0b001f01 10001 100 66314 2099736817 24778 20082
0b000901 0b002a01 10002 100 20787 2099765325 24486 16263
0b000901 0b002a01 10003 100 16474 2099839212 20280 15903
0b001501 0b003901 10001 100 1521089 2099687332 202321 142051
0b001601 0b003a01 10003 100 4932207 2099288409 925867 428039
0b003501 0b000f01 10001 100 2869068 2099735305 498557 255066
0b000e01 0b002b01 10000 100 8662069 2099279171 969340 740751
0b003201 0b001701 10000 100 8435177 2099341126 977085 721728
Average intra_dc ratio: 7.935261243850982
