649 
10 34 3 100 917788 2.000030053
14 61 3 100 96471 2.000060775
62 57 3 100 2162 2.000060827
63 57 3 100 76611 2.000061984
15 56 3 100 64821 2.000067451
30 46 3 100 4538596 2.000073487
29 61 3 100 1692885 2.000076941
3 33 3 100 10092 2.000092497
8 41 3 100 2794100 2.000131037
21 43 3 100 1033896 2.000158910
21 53 3 100 20647 2.000162320
17 50 3 100 6954674 2.000172970
21 46 3 100 22412 2.000174042
15 55 3 100 201142 2.000196396
49 32 3 100 65718 2.000198295
6 54 3 100 39988 2.000205902
30 36 3 100 188339 2.000215247
55 48 3 100 1203794 2.000227014
11 61 3 100 52619 2.000228306
10 36 3 100 3149922 2.000232580
29 41 3 100 9696177 2.000237816
43 41 3 100 6606007 2.000237880
19 52 3 100 1998 2.000241023
54 52 3 100 25661 2.000267792
35 34 3 100 131220 2.000271324
62 42 3 100 5185 2.000282292
0 46 3 100 44787 2.000359169
57 50 3 100 167244 2.000363837
44 63 3 100 2830519 2.000365595
47 53 3 100 109253 2.000365872
33 51 3 100 519598 2.000377327
46 39 3 100 46546 2.000378817
50 34 3 100 992501 2.000382445
16 51 3 100 39516 2.000383746
38 45 3 100 2637910 2.000394731
40 56 3 100 99711 2.000447352
1 52 3 100 36340 2.000455533
39 54 3 100 450451 2.000481981
2 37 3 100 5047945 2.000495874
22 61 3 100 105516 2.000501742
14 58 3 100 3399395 2.000504332
14 58 3 100 3455701 2.000543955
60 44 3 100 8562223 2.000551364
27 52 3 100 7087608 2.000561763
55 38 3 100 448439 2.000566008
21 38 3 100 2937 2.000574332
10 38 3 100 1652402 2.000580228
5 41 3 100 63461 2.000589186
9 37 3 100 45291 2.000608113
34 42 3 100 5041241 2.000610465
55 38 3 100 286790 2.000660149
7 47 3 100 186221 2.000692393
63 46 3 100 1516119 2.000703547
22 32 3 100 29990 2.000733205
8 46 3 100 133964 2.000734092
26 34 3 100 1656890 2.000745385
62 49 3 100 11940629 2.000752178
9 63 3 100 4121 2.000761663
49 34 3 100 47018 2.000765953
29 57 3 100 18769461 2.000770649
62 33 3 100 50934 2.000787832
58 43 3 100 23950 2.000788980
35 59 3 100 1680226 2.000802324
40 54 3 100 860165 2.000808222
45 63 3 100 879421 2.000812700
7 63 3 100 4987000 2.000814962
53 36 3 100 33599 2.000826903
33 58 3 100 13514 2.000838687
56 52 3 100 1458859 2.000840239
62 56 3 100 13476719 2.000844142
42 51 3 100 141847 2.000845207
31 61 3 100 543059 2.000851228
48 46 3 100 14439 2.000852665
44 34 3 100 11646 2.000854166
5 43 3 100 21883 2.000860160
44 46 3 100 1180446 2.000860291
43 51 3 100 724087 2.000914959
31 61 3 100 3780957 2.000921437
63 39 3 100 1973451 2.000936751
20 61 3 100 31312 2.000938748
1 42 3 100 11140406 2.000942141
14 53 3 100 1345696 2.000970960
54 51 3 100 6185 2.001005563
28 45 3 100 4939425 2.001009401
31 34 3 100 9425076 2.001031779
57 41 3 100 21239 2.001032978
47 51 3 100 1390704 2.001034101
55 32 3 100 5488 2.001043503
18 53 3 100 3290923 2.001051502
28 40 3 100 20036 2.001055400
11 41 3 100 25385 2.001068096
6 61 3 100 2366795 2.001080014
10 47 3 100 21826 2.001090603
63 53 3 100 8384257 2.001105261
41 62 3 100 741900 2.001119315
60 36 3 100 5102 2.001169355
30 54 3 100 5285 2.001197922
61 43 3 100 8885 2.001203305
55 60 3 100 34949 2.001240327
9 43 3 100 3220289 2.001248562
27 38 3 100 78852 2.001257103
46 56 3 100 38396 2.001258298
60 54 3 100 334208 2.001268655
56 58 3 100 25453 2.001304622
3 62 3 100 61660 2.001305259
51 34 3 100 2166926 2.001307934
52 61 3 100 16812 2.001344295
19 47 3 100 95521 2.001345686
30 50 3 100 372 2.001368515
19 53 3 100 20645 2.001375262
0 32 3 100 3326371 2.001410456
25 42 3 100 71792 2.001413794
10 38 3 100 6811 2.001414983
32 47 3 100 295625 2.001422368
14 46 3 100 20763 2.001428256
18 61 3 100 1945225 2.001430845
19 62 3 100 8955805 2.001433375
31 35 3 100 45857 2.001449003
55 51 3 100 72842 2.001470334
23 48 3 100 40091 2.001476491
46 50 3 100 6334 2.001483734
15 47 3 100 31042 2.001485676
25 36 3 100 1109496 2.001503334
40 45 3 100 90175 2.001513661
2 34 3 100 60527 2.001535450
4 47 3 100 7148 2.001538077
58 47 3 100 205 2.001556344
57 54 3 100 1349535 2.001567832
62 34 3 100 75002 2.001571277
33 59 3 100 10050 2.001582949
55 56 3 100 21033 2.001590706
0 33 3 100 5692200 2.001598492
8 54 3 100 72253 2.001608530
38 57 3 100 56248 2.001610446
25 53 3 100 1805452 2.001617625
58 60 3 100 20851 2.001620655
59 50 3 100 18819 2.001629966
54 34 3 100 2013315 2.001636665
35 58 3 100 115773 2.001671316
1 57 3 100 158537 2.001671586
18 41 3 100 48499 2.001702831
12 45 3 100 77663 2.001703968
38 39 3 100 22842533 2.001712110
40 60 3 100 2405 2.001718974
37 55 3 100 1367623 2.001731482
12 52 3 100 179986 2.001734211
9 37 3 100 198374 2.001747916
13 53 3 100 9347 2.001775350
59 61 3 100 1376333 2.001803791
63 62 3 100 724561 2.001839911
5 63 3 100 62617 2.001841349
31 34 3 100 6435704 2.001868780
13 52 3 100 22016 2.001874196
3 41 3 100 39537 2.001876630
4 43 3 100 41703 2.001901650
44 41 3 100 435014 2.001957267
57 33 3 100 3965 2.001964343
42 37 3 100 38968 2.001966713
33 42 3 100 2717700 2.001976166
26 57 3 100 139873 2.001978792
3 45 3 100 186162 2.001989801
13 37 3 100 64977 2.001992405
48 57 3 100 66058 2.001998082
47 48 3 100 74910 2.002000402
8 38 3 100 28638 2.002055890
29 41 3 100 20467 2.002077260
25 56 3 100 178006 2.002090128
13 55 3 100 767803 2.002106821
46 37 3 100 1332 2.002109701
10 42 3 100 2316196 2.002110668
49 57 3 100 9097 2.002116115
53 54 3 100 53212 2.002125922
62 55 3 100 3149222 2.002135778
44 62 3 100 74070 2.002148778
7 34 3 100 4990058 2.002161955
53 33 3 100 4129678 2.002209811
2 59 3 100 24111 2.002226521
14 51 3 100 1384187 2.002262029
59 62 3 100 141088 2.002272897
22 37 3 100 2639 2.002288238
28 43 3 100 980288 2.002308993
40 38 3 100 78389 2.002328533
12 35 3 100 24840 2.002332108
0 54 3 100 1349846 2.002377038
8 46 3 100 9350546 2.002435436
44 59 3 100 29192 2.002491384
19 40 3 100 26740 2.002524181
4 52 3 100 20352 2.002531887
29 47 3 100 78512 2.002556828
12 38 3 100 29761 2.002606839
40 41 3 100 155281 2.002611990
11 33 3 100 4306220 2.002615661
2 43 3 100 29171 2.002621378
56 41 3 100 9672 2.002632861
54 46 3 100 70661 2.002670875
25 57 3 100 46651 2.002673519
9 60 3 100 34765 2.002676083
6 45 3 100 63064 2.002687327
43 35 3 100 49463 2.002703616
34 37 3 100 18203 2.002739788
49 48 3 100 27046 2.002790474
25 62 3 100 2476 2.002819672
39 49 3 100 6801 2.002821548
22 36 3 100 4003491 2.002833819
55 46 3 100 27722 2.002865815
51 57 3 100 24483 2.002871992
17 41 3 100 823 2.002887503
39 43 3 100 29025810 2.002894635
60 47 3 100 63668 2.002896507
50 58 3 100 529036 2.002902320
43 63 3 100 56815 2.002907219
52 35 3 100 163085 2.002921175
29 60 3 100 29743945 2.002924165
5 45 3 100 29453 2.002937353
42 37 3 100 3288023 2.002940514
48 56 3 100 2784975 2.002955498
62 43 3 100 308845 2.002958945
60 36 3 100 4730797 2.002981987
7 33 3 100 371764 2.003063869
46 32 3 100 25269 2.003082640
58 34 3 100 73427 2.003094675
31 53 3 100 6048454 2.003098840
30 35 3 100 1257585 2.003108441
35 32 3 100 34569 2.003147693
55 63 3 100 78834 2.003162204
59 55 3 100 18709 2.003204621
49 51 3 100 4576 2.003206351
56 45 3 100 9336918 2.003237248
46 44 3 100 57766 2.003242770
40 32 3 100 831324 2.003277667
45 33 3 100 8313186 2.003287429
62 53 3 100 1717326 2.003347587
63 40 3 100 71248 2.003357236
58 60 3 100 3013 2.003357626
54 44 3 100 3694753 2.003376146
34 63 3 100 402194 2.003377673
38 33 3 100 2367494 2.003386881
32 44 3 100 105419 2.003398448
40 48 3 100 7126 2.003407661
50 47 3 100 598768 2.003441160
58 45 3 100 448809 2.003446210
61 36 3 100 38093 2.003452320
42 38 3 100 63821 2.003469431
46 44 3 100 252287 2.003470324
61 51 3 100 61520 2.003473000
54 38 3 100 1973153 2.003497751
60 49 3 100 168092 2.003500657
38 52 3 100 71013 2.003533159
53 56 3 100 1389375 2.003564472
35 38 3 100 117008 2.003586021
34 42 3 100 101739 2.003590218
48 45 3 100 156254 2.003645770
42 60 3 100 617229 2.003646933
33 43 3 100 36582 2.003649993
39 51 3 100 117175 2.003682976
39 36 3 100 11270 2.003687658
57 36 3 100 1316521 2.003698572
58 63 3 100 61098 2.003708195
54 42 3 100 51554 2.003709397
50 60 3 100 57324 2.003720770
58 56 3 100 1655526 2.003739909
61 60 3 100 4755 2.003744215
32 43 3 100 38205 2.003756578
54 42 3 100 49324 2.003782141
41 42 3 100 647698 2.003786272
61 38 3 100 77516 2.003788485
38 55 3 100 5967 2.003790967
61 39 3 100 749633 2.003793158
46 55 3 100 390201 2.003810020
56 47 3 100 49050 2.003837764
46 54 3 100 18951688 2.003842547
63 44 3 100 905662 2.003862531
43 63 3 100 53243 2.003881280
56 60 3 100 2882 2.003882561
49 50 3 100 11868191 2.003963456
61 52 3 100 9876 2.003970515
60 49 3 100 325061 2.003993615
52 44 3 100 177990 2.003996203
60 51 3 100 79598 2.004020455
39 62 3 100 1102 2.004041054
39 41 3 100 26443 2.004046262
35 45 3 100 1931606 2.004054022
53 46 3 100 26912 2.004058541
57 45 3 100 3891120 2.004077706
50 32 3 100 12345154 2.004106354
48 62 3 100 63782 2.004114672
46 43 3 100 4934187 2.004124285
46 58 3 100 4610 2.004124457
33 49 3 100 32342 2.004139894
49 50 3 100 74393 2.004142014
35 59 3 100 106432 2.004144031
56 63 3 100 78862 2.004147560
42 44 3 100 19341 2.004149215
54 61 3 100 3609436 2.004157274
48 32 3 100 17424 2.004164458
60 49 3 100 6210 2.004193073
59 49 3 100 4780890 2.004199624
46 37 3 100 140133 2.004255982
55 57 3 100 24348967 2.004262790
55 56 3 100 4309078 2.004266566
63 39 3 100 7032588 2.004267372
41 52 3 100 335249 2.004276977
56 53 3 100 99813 2.004280798
47 55 3 100 750392 2.004319542
33 59 3 100 32043 2.004329322
58 63 3 100 19861 2.004347379
43 46 3 100 25426 2.004381419
47 63 3 100 413152 2.004382907
58 52 3 100 3235 2.004401192
49 44 3 100 68356 2.004409711
54 48 3 100 7193 2.004416776
58 49 3 100 1946472 2.004420205
44 54 3 100 14524 2.004426768
52 46 3 100 9327740 2.004428038
61 41 3 100 557 2.004430995
50 33 3 100 9541 2.004478218
48 38 3 100 19225163 2.004487667
60 39 3 100 37638 2.004508474
50 62 3 100 54796 2.004594394
48 42 3 100 5120 2.004594398
42 55 3 100 16533 2.004604107
57 52 3 100 9025736 2.004632389
50 49 3 100 2018932 2.004656114
60 43 3 100 77776 2.004656249
51 62 3 100 4644817 2.004672778
48 55 3 100 65733 2.004685506
50 54 3 100 2024812 2.004688969
38 32 3 100 19994903 2.004702217
58 39 3 100 704283 2.004706098
48 37 3 100 1847264 2.004741213
60 39 3 100 260523 2.004746250
42 59 3 100 883208 2.004767273
52 57 3 100 1395063 2.004831721
51 59 3 100 1083885 2.004833112
33 44 3 100 17311060 2.004834642
50 48 3 100 29761 2.004838151
41 44 3 100 194286 2.004838612
34 57 3 100 3889 2.004843789
52 46 3 100 1547174 2.004852541
62 38 3 100 275362 2.004861308
58 52 3 100 5134330 2.004872514
58 60 3 100 1628625 2.004873878
58 32 3 100 88788 2.004879681
61 59 3 100 27159874 2.004888247
40 38 3 100 53348 2.004923079
54 60 3 100 8817 2.004955674
44 52 3 100 15235315 2.004979918
60 56 3 100 33006 2.004987559
50 54 3 100 7538073 2.004996896
41 35 3 100 15599349 2.005005097
60 37 3 100 1327040 2.005014261
36 44 3 100 137711 2.005025692
52 35 3 100 74151 2.005045188
55 43 3 100 3807714 2.005061618
62 39 3 100 8441890 2.005089216
56 53 3 100 113061 2.005096833
52 42 3 100 14354832 2.005099475
62 40 3 100 13703 2.005108375
48 57 3 100 77821 2.005115661
51 40 3 100 898823 2.005132335
55 63 3 100 1613556 2.005132943
61 54 3 100 1191159 2.005133774
48 55 3 100 3274383 2.005152005
51 53 3 100 75200 2.005156520
38 52 3 100 574726 2.005157438
58 48 3 100 14504 2.005158082
47 41 3 100 8112 2.005160703
35 40 3 100 70988 2.005174058
34 56 3 100 27978 2.005181525
34 35 3 100 77866 2.005195970
43 50 3 100 55011 2.005208844
35 38 3 100 5003139 2.005213041
42 51 3 100 259255 2.005216531
34 59 3 100 793239 2.005220270
56 33 3 100 4540449 2.005223871
48 33 3 100 8899639 2.005252837
61 56 3 100 1809 2.005264334
59 37 3 100 4068 2.005334528
55 59 3 100 8073 2.005348938
58 48 3 100 5455 2.005404995
48 36 3 100 34352 2.005424323
33 57 3 100 20676 2.005438782
43 54 3 100 158488 2.005496133
46 50 3 100 6064 2.005538219
47 60 3 100 9401108 2.005569241
57 50 3 100 13556 2.005584070
39 60 3 100 70131 2.005584771
54 60 3 100 330446 2.005588414
46 34 3 100 1391845 2.005606074
62 63 3 100 47351 2.005616523
54 51 3 100 166986 2.005630179
50 45 3 100 5708 2.005678293
39 44 3 100 5536977 2.005690164
33 41 3 100 54928 2.005694575
44 46 3 100 70357 2.005727729
41 39 3 100 179120 2.005744102
58 50 3 100 2012879 2.005754830
48 34 3 100 16529 2.005756164
61 32 3 100 8196531 2.005758910
37 51 3 100 1177342 2.005763051
33 36 3 100 21070 2.005764886
61 47 3 100 3702301 2.005777010
39 59 3 100 3231093 2.005783617
41 56 3 100 207161 2.005824357
59 32 3 100 78381 2.005836794
37 35 3 100 1438 2.005843424
32 44 3 100 1481545 2.005865661
56 41 3 100 2576 2.005868543
59 38 3 100 71261 2.005868615
39 47 3 100 237895 2.005878454
58 40 3 100 29163347 2.005930984
40 39 3 100 17511493 2.005935983
56 49 3 100 168712 2.005943783
46 53 3 100 19927 2.005945332
52 42 3 100 52291 2.005955718
56 54 3 100 65239 2.005961603
38 33 3 100 64673 2.005966918
63 58 3 100 242570 2.006002680
61 42 3 100 3724467 2.006018324
55 32 3 100 8601341 2.006021274
46 42 3 100 168386 2.006034761
46 52 3 100 837372 2.006044420
33 57 3 100 588608 2.006074727
44 39 3 100 4781750 2.006085177
48 47 3 100 3500056 2.006137545
58 62 3 100 5297098 2.006140674
55 45 3 100 32199 2.006147873
33 34 3 100 2365252 2.006149543
43 54 3 100 32516 2.006158316
45 34 3 100 32928 2.006161725
60 57 3 100 33625 2.006182384
46 60 3 100 51895 2.006183190
59 62 3 100 3306 2.006186752
51 45 3 100 24365 2.006188018
60 41 3 100 4953 2.006193780
62 41 3 100 77372 2.006200680
55 39 3 100 5085 2.006226960
48 38 3 100 9771 2.006239619
53 62 3 100 1599576 2.006253858
54 46 3 100 128694 2.006254750
61 46 3 100 1065831 2.006266368
33 52 3 100 62455 2.006296197
50 42 3 100 6144337 2.006303801
32 53 3 100 1420987 2.006340109
58 62 3 100 113624 2.006343008
54 52 3 100 1590361 2.006359305
58 39 3 100 17262 2.006363916
49 53 3 100 4190810 2.006445185
33 36 3 100 8412177 2.006452544
42 47 3 100 3999 2.006455881
33 32 3 100 127 2.006456863
34 49 3 100 39733 2.006481150
60 53 3 100 21089 2.006518408
44 58 3 100 647983 2.006546008
61 34 3 100 816479 2.006592271
56 50 3 100 14713 2.006612843
32 38 3 100 476074 2.006639604
50 37 3 100 1305190 2.006645997
46 49 3 100 5000 2.006710513
61 43 3 100 625065 2.006722260
48 45 3 100 13101365 2.006729105
36 47 3 100 55236 2.006730681
63 59 3 100 55966 2.006737286
50 42 3 100 95380 2.006748843
58 54 3 100 39897 2.006753763
55 56 3 100 1212904 2.006765254
46 41 3 100 6791710 2.006778426
43 32 3 100 4220112 2.006781401
39 60 3 100 16824 2.006803753
55 54 3 100 511294 2.006824274
35 62 3 100 67462 2.006833117
43 52 3 100 2037029 2.006847095
50 58 3 100 25544 2.006849209
48 55 3 100 31974 2.006855263
43 42 3 100 4015700 2.006858282
55 36 3 100 1638875 2.006868139
58 37 3 100 5407 2.006876054
41 35 3 100 25792 2.006886453
50 58 3 100 9344 2.006890396
42 53 3 100 2770099 2.006892362
63 37 3 100 451502 2.006912688
39 38 3 100 1892 2.006935949
33 55 3 100 3851895 2.006965448
60 48 3 100 1324 2.006980806
58 40 3 100 155671 2.007011023
54 34 3 100 1555872 2.007032916
56 53 3 100 37505 2.007046586
43 37 3 100 167 2.007049539
36 63 3 100 126577 2.007065130
48 37 3 100 4588171 2.007073194
45 33 3 100 70991 2.007099191
46 49 3 100 9812348 2.007104274
36 47 3 100 3216559 2.007121169
38 49 3 100 391125 2.007122796
44 42 3 100 76693 2.007124679
35 49 3 100 20146 2.007125426
43 48 3 100 5454198 2.007131453
56 49 3 100 64992 2.007145461
46 59 3 100 168643 2.007158766
56 59 3 100 4259039 2.007171311
62 52 3 100 7780 2.007171791
53 36 3 100 27811 2.007198245
50 59 3 100 15493 2.007198326
61 51 3 100 72426 2.007226914
37 59 3 100 1640929 2.007252000
62 36 3 100 1495274 2.007257094
62 39 3 100 167191 2.007259915
56 40 3 100 50 2.007261853
44 55 3 100 48859 2.007261860
56 48 3 100 4921811 2.007301552
57 38 3 100 4349 2.007321620
42 55 3 100 23219 2.007410374
40 39 3 100 8273264 2.007418914
60 53 3 100 76987 2.007422009
39 50 3 100 36429 2.007426376
32 37 3 100 59787 2.007428191
43 47 3 100 71594 2.007430617
35 38 3 100 21215 2.007498639
34 61 3 100 7511006 2.007509074
48 57 3 100 36524 2.007521069
50 47 3 100 20419 2.007541513
52 40 3 100 8068878 2.007571041
54 58 3 100 54524 2.007611442
43 57 3 100 39952 2.007622273
51 46 3 100 72572 2.007634902
50 56 3 100 22337 2.007636452
45 49 3 100 11026 2.007678627
48 43 3 100 14787 2.007722076
48 36 3 100 4178158 2.007743412
40 61 3 100 2134844 2.007760854
60 38 3 100 1658 2.007766904
32 40 3 100 1016167 2.007774626
59 38 3 100 8282368 2.007778969
38 59 3 100 108341 2.007786522
50 34 3 100 5937 2.007812524
46 57 3 100 36836 2.007839147
63 46 3 100 2863 2.007839951
57 56 3 100 150454 2.007842380
34 63 3 100 2092073 2.007854793
44 38 3 100 47581 2.007875155
50 63 3 100 50611 2.007885367
35 42 3 100 731622 2.007892798
43 40 3 100 43293 2.007909201
61 38 3 100 6816 2.007911818
62 50 3 100 1879057 2.007911872
61 59 3 100 25812 2.007948589
47 50 3 100 173239 2.007968721
43 38 3 100 65503 2.007991831
57 48 3 100 49020 2.007996657
39 47 3 100 3559601 2.007997436
33 37 3 100 687903 2.008000131
60 43 3 100 1589712 2.008003848
52 38 3 100 63271 2.008005768
55 36 3 100 107862 2.008039049
61 32 3 100 28038 2.008049833
55 58 3 100 5256860 2.008061259
37 59 3 100 58831 2.008062911
48 60 3 100 1608653 2.008065612
43 56 3 100 253372 2.008090755
53 48 3 100 150300 2.008125353
45 62 3 100 14910896 2.008145893
60 57 3 100 48047 2.008150888
50 63 3 100 256610 2.008195312
33 56 3 100 4396 2.008211515
61 54 3 100 1050761 2.008218683
35 38 3 100 26631 2.008260889
45 37 3 100 554336 2.008280008
61 34 3 100 3933 2.008281910
42 62 3 100 53070 2.008296692
60 35 3 100 94131 2.008330713
53 34 3 100 1041706 2.008357060
37 42 3 100 72017 2.008359830
51 55 3 100 4736204 2.008368557
38 53 3 100 79269 2.008388932
46 32 3 100 27560 2.008416149
35 33 3 100 3255533 2.008424647
56 54 3 100 57500 2.008436847
38 48 3 100 15789 2.008438212
32 61 3 100 6795342 2.008438814
36 60 3 100 20303 2.008487681
54 39 3 100 20013 2.008546581
54 41 3 100 23778 2.008553494
35 53 3 100 46339 2.008560437
54 59 3 100 21261 2.008561540
35 51 3 100 8689 2.008575190
58 63 3 100 55213 2.008576126
58 36 3 100 60255 2.008579513
61 54 3 100 13154 2.008589532
57 54 3 100 3100708 2.008619426
61 56 3 100 2286 2.008620265
58 46 3 100 64331 2.008629837
61 51 3 100 2833883 2.008638824
33 39 3 100 1397458 2.008645342
57 37 3 100 118441 2.008666743
45 47 3 100 837874 2.008667050
46 44 3 100 41979 2.008674859
44 42 3 100 13052 2.008700776
38 62 3 100 894172 2.008707503
32 42 3 100 9202416 2.008718190
33 39 3 100 7773 2.008720988
36 37 3 100 27712 2.008732989
38 37 3 100 79300 2.008736138
55 34 3 100 68873 2.008740818
41 47 3 100 62839 2.008741362
56 61 3 100 167401 2.008758510
32 42 3 100 24666 2.008759740
61 48 3 100 75848 2.008780500
43 58 3 100 4325534 2.008813996
56 44 3 100 6403779 2.008814928
62 38 3 100 3811 2.008815571
48 47 3 100 8986859 2.008855417
45 57 3 100 38877 2.008860767
46 55 3 100 4380894 2.008888949
60 36 3 100 742900 2.008903784
50 49 3 100 525662 2.008923870
54 38 3 100 20509616 2.008926045
42 40 3 100 4554398 2.008986697
62 41 3 100 38562 2.008993862
56 36 3 100 28431 2.009016074
46 51 3 100 2289 2.009039015
47 40 3 100 29412 2.009039901
44 48 3 100 1689162 2.009043009
42 45 3 100 1885832 2.009075790
41 36 3 100 1585908 2.009090283
38 34 3 100 268587 2.009110445
38 48 3 100 150877 2.009121788
36 50 3 100 60331 2.009131430
47 56 3 100 23653 2.009132334
43 58 3 100 220374 2.009142955
58 33 3 100 41219 2.009165875
62 33 3 100 49221 2.009168047
42 58 3 100 16421 2.009170169
39 49 3 100 8815 2.009214173
56 55 3 100 25879 2.009225340
61 42 3 100 45206 2.009295752
61 33 3 100 6603 2.009317137
61 47 3 100 982475 2.009354420
54 39 3 100 1981866 2.009400211
56 38 3 100 16082615 2.009406584
39 42 3 100 33702 2.009419009
33 53 3 100 74764 2.009421023
32 49 3 100 52458 2.009451359
32 49 3 100 1536495 2.009474028
48 63 3 100 552546 2.009533223
33 46 3 100 46081 2.009581605
46 63 3 100 5628951 2.009614596
32 51 3 100 2447 2.009617106
48 40 3 100 1734819 2.009875782
33 34 3 100 60401 2.009898644
